150
1053
1956
2859
3762
4665
5568
6471
7374
8277
8377
7474
6571
5668
4765
3862
2959
2056
1153
250
350
1253
2156
3059
3962
4865
5768
6671
7574
8477
7674
6771
5868
4965
4062
3159
2256
1353
450
550
1453
2356
3259
4162
5065
5968
6871
7774
6971
7874
6068
5165
4262
3359
2456
1553
650
745
1648
2551
3454
4357
5260
6163
7969
7066
7166
8069
6263
5360
3554
4457
2651
1748
845
944
2750
1847
4556
3653
5459
6362
8168
7265
7334
8237
6431
5528
3722
4625
1916
2819
1013
110
210
1113
2919
2016
4725
3822
5628
6531
8337
7434
7534
8437
6631
5728
3922
4825
2116
3019
1213
310
410
1313
3119
2216
4925
4022
5828
6731
7634
7734
6831
5928
4122
5025
2316
3219
1413
510
610
1513
3319
2416
5125
4222
6028
6931
7834
7930
7027
6124
5221
4318
2512
3415
1609
706
805
1708
2611
3514
4417
5320
6223
7126
8029
8129
7226
6323
5420
4517
3614
1808
2711
905
70
973
2779
1876
3682
4585
5488
6391
7294
8197
8297
7394
6491
5588
4685
3782
1976
2879
1073
170
270
1173
2979
2076
3882
4785
5688
6591
7494
8397
8497
7594
6691
5788
4885
3982
2176
3079
1273
370
470
1373
3179
2276
4082
4985
5888
6791
7694
7794
6891
5988
5085
4182
2376
3279
1473
570
670
1573
3379
2476
4282
5185
6088
7894
6991
7086
7989
6183
5280
4377
2571
3474
1668
765
865
1768
2671
4477
3574
5380
6283
8089
7186
7354
8257
6451
5548
3742
4645
2839
1936
1033
130
230
1133
2036
2939
4745
3842
5648
6551
8357
7454
7554
8457
6651
5748
3942
4845
3039
2136
1233
330
430
2236
3139
4945
4042
5848
6751
7654
7754
6851
5948
4142
5045
3239
2336
530
1433
1533
630
2436
3339
5145
4242
6048
6951
7854
7950
7047
5241
6144
4338
3435
2532
726
1629
1728
825
2631
3534
4437
6243
5340
7146
8049
8148
7245
5439
6342
4536
3633
1827
2730
924
993
90
2799
1896
3702
4605
6411
5508
7314
8217
8317
7414
5608
6511
4705
3802
1996
2899
190
1093
1193
290
2999
2096
3902
4805
6611
5708
7514
8417
7614
5808
6711
4905
4002
2196
3099
390
1293
1393
490
3199
2296
4102
5005
6811
5908
7714
7814
6008
6911
5105
4202
2396
3299
590
1493
1591
688
3397
2494
4300
5203
6106
7912
7009
7106
8009
6203
5300
4397
2591
3494
785
1688
1788
885
2691
4497
3594
5400
6303
8109
7206
7374
8277
6471
5568
3762
4665
2859
1956
150
1053
1153
250
2056
2959
4765
3862
5668
6571
8377
7474
7574
8477
6671
5768
3962
4865
3059
2156
350
1253
1353
450
2256
3159
4965
4062
5868
6771
7674
7774
6871
5968
4162
5065
3259
2356
550
1453
1553
650
2456
3359
5165
4262
6068
6971
7874
7969
7066
5260
6163
4357
3454
2551
745
1648
1748
845
2651
3554
4457
6263
5360
7166
8069
8168
7265
5459
6362
4556
3653
2750
1847
944
1013
110
1916
2819
3722
4625
6431
5528
7334
8237
8337
7434
5628
6531
4725
3822
2919
2016
210
1113
1213
310
2116
3019
3922
4825
6631
5728
7534
8437
7634
5828
6731
4925
4022
3119
2216
410
1313
1413
510
2316
3219
4122
5025
6831
5928
7734
7834
6028
6931
5125
4222
3319
2416
610
1513
1609
706
2512
3415
4318
6124
5221
7930
7027
7126
8029
5320
6223
3514
4417
2611
805
1708
905
1808
2711
4517
3614
6323
5420
8129
7226
7294
8197
5488
6391
3682
4585
2779
1876
70
973
1073
170
1976
2879
4685
3782
6491
5588
8297
7394
7494
8397
5688
6591
3882
4785
2979
2076
270
1173
1273
370
2176
3079
4885
3982
6691
5788
8497
7594
7694
5888
6791
4082
4985
3179
2276
470
1373
1473
570
2376
3279
5085
4182
6891
5988
7794
7894
6991
6088
4282
5185
3379
2476
670
1573
1668
765
2571
3474
4377
6183
5280
7086
7989
8089
7186
5380
6283
4477
3574
2671
865
1768
1033
130
2839
1936
3742
4645
6451
5548
7354
8257
8357
7454
5648
6551
4745
3842
2036
2939
230
1133
1233
330
3039
2136
3942
4845
6651
5748
7554
8457
7654
5848
6751
4945
4042
2236
3139
430
530
1433
3239
2336
4142
5045
6851
5948
7754
6951
7854
6048
5145
4242
2436
3339
1533
630
726
1629
3435
2532
4338
5241
6144
7950
7047
7146
8049
6243
5340
3534
4437
2631
1728
825
924
1827
2730
4536
3633
5439
6342
8148
7245
7314
8217
6411
5508
3702
4605
2799
1896
993
90
190
1093
1996
2899
4705
3802
5608
6511
8317
7414
7514
8417
6611
5708
3902
4805
2999
2096
1193
290
390
1293
2196
3099
4905
4002
5808
6711
7614
7714
6811
5908
4102
5005
3199
2296
1393
490
590
1493
2396
3299
5105
4202
6008
6911
7814
7912
7009
6106
4300
5203
3397
2494
1591
688
785
1688
2591
3494
4397
6203
5300
7106
8009
8109
7206
5400
6303
4497
3594
2691
1788
885
150
1053
2859
1956
3762
4665
6471
5568
7374
8277
8377
7474
5668
6571
4765
3862
2056
2959
1153
250
350
1253
3059
2156
3962
4865
6671
5768
7574
8477
7674
5868
6771
4965
4062
2256
3159
1353
450
550
1453
3259
2356
4162
5065
6871
5968
7774
6971
7874
6068
5165
4262
2456
3359
1553
650
745
1648
3454
2551
4357
5260
6163
7969
7066
7166
8069
6263
5360
3554
4457
2651
1748
845
944
2750
1847
4556
3653
5459
6362
8168
7265
7334
8237
6431
5528
3722
4625
1916
2819
1013
110
210
1113
2919
2016
4725
3822
5628
6531
8337
7434
7534
8437
6631
5728
3922
4825
2116
3019
1213
310
410
1313
3119
2216
4925
4022
5828
6731
7634
7734
6831
5928
4122
5025
2316
3219
1413
510
610
1513
3319
2416
5125
4222
6028
6931
7834
7930
7027
6124
5221
4318
2512
3415
1609
706
805
1708
2611
3514
4417
5320
6223
7126
8029
8129
7226
6323
5420
4517
3614
1808
2711
905
70
973
2779
1876
3682
4585
5488
6391
7294
8197
8297
7394
6491
5588
4685
3782
1976
2879
1073
170
270
1173
2979
2076
3882
4785
5688
6591
7494
8397
8497
7594
6691
5788
4885
3982
2176
3079
1273
370
470
1373
3179
2276
4082
4985
5888
6791
7694
7794
6891
5988
5085
4182
2376
3279
1473
570
670
1573
3379
2476
4282
5185
6088
7894
6991
7086
7989
6183
5280
4377
2571
3474
1668
765
865
1768
2671
4477
3574
5380
6283
8089
7186
7354
8257
6451
5548
3742
4645
2839
1936
1033
130
230
1133
2036
2939
4745
3842
5648
6551
8357
7454
7554
8457
6651
5748
3942
4845
3039
2136
1233
330
430
2236
3139
4945
4042
5848
6751
7654
7754
6851
5948
4142
5045
3239
2336
530
1433
1533
630
2436
3339
5145
4242
6048
6951
7854
7950
7047
5241
6144
4338
3435
2532
726
1629
1728
825
2631
3534
4437
6243
5340
7146
8049
8148
7245
5439
6342
4536
3633
1827
2730
924
993
90
2799
1896
3702
4605
6411
5508
7314
8217
8317
7414
5608
6511
4705
3802
1996
2899
190
1093
1193
290
2999
2096
3902
4805
6611
5708
7514
8417
7614
5808
6711
4905
4002
2196
3099
390
1293
1393
490
3199
2296
4102
5005
6811
5908
7714
7814
6008
6911
5105
4202
2396
3299
590
1493
1591
688
3397
2494
4300
5203
6106
7912
7009
7106
8009
6203
5300
4397
2591
3494
785
1688
1788
885
2691
4497
3594
5400
6303
8109
7206
7374
8277
6471
5568
3762
4665
2859
1956
150
1053
1153
250
2056
2959
4765
3862
5668
6571
8377
7474
7574
8477
6671
5768
3962
4865
3059
2156
350
1253
1353
450
2256
3159
4965
4062
5868
6771
7674
7774
6871
5968
4162
5065
3259
2356
550
1453
1553
650
2456
3359
5165
4262
6068
6971
7874
7969
7066
5260
6163
4357
3454
2551
745
1648
1748
845
2651
3554
4457
6263
5360
7166
8069
8168
7265
5459
6362
4556
3653
2750
1847
944
1013
110
1916
2819
3722
4625
6431
5528
7334
8237
8337
7434
5628
6531
4725
3822
2919
2016
210
1113
1213
310
2116
3019
3922
4825
6631
5728
7534
8437
7634
5828
6731
4925
4022
3119
2216
410
1313
1413
510
2316
3219
4122
5025
6831
5928
7734
7834
6028
6931
5125
4222
3319
2416
610
1513
1609
706
2512
3415
4318
6124
5221
7930
7027
7126
8029
5320
6223
3514
4417
2611
805
1708
905
1808
2711
4517
3614
6323
5420
8129
7226
7294
8197
5488
6391
3682
4585
2779
1876
70
973
1073
170
1976
2879
4685
3782
6491
5588
8297
7394
7494
8397
5688
6591
3882
4785
2979
2076
270
1173
1273
370
2176
3079
4885
3982
6691
5788
8497
7594
7694
5888
6791
4082
4985
3179
2276
470
1373
1473
570
2376
3279
5085
4182
6891
5988
7794
7894
6991
6088
4282
5185
3379
2476
670
1573
1668
765
2571
3474
4377
6183
5280
7086
7989
8089
7186
5380
6283
4477
3574
2671
865
1768
1033
130
2839
1936
3742
4645
6451
5548
7354
8257
8357
7454
5648
6551
4745
3842
2036
2939
230
1133
1233
330
3039
2136
3942
4845
6651
5748
7554
8457
7654
5848
6751
4945
4042
2236
3139
430
530
1433
3239
2336
4142
5045
6851
5948
7754
6951
7854
6048
5145
4242
2436
3339
1533
630
726
1629
3435
2532
4338
5241
6144
7950
7047
7146
8049
6243
5340
3534
4437
2631
1728
825
924
1827
2730
4536
3633
5439
6342
8148
7245
7314
8217
6411
5508
3702
4605
2799
1896
993
90
190
1093
1996
2899
4705
3802
5608
6511
8317
7414
7514
8417
6611
5708
3902
4805
2999
2096
1193
290
390
1293
2196
3099
4905
4002
5808
6711
7614
7714
6811
5908
4102
5005
3199
2296
1393
490
590
1493
2396
3299
5105
4202
6008
6911
7814
7912
7009
6106
4300
5203
3397
2494
1591
688
785
1688
2591
3494
4397
6203
5300
7106
8009
8109
7206
5400
6303
4497
3594
2691
1788
885
150
1053
2859
1956
3762
4665
6471
5568
7374
8277
8377
7474
5668
6571
4765
3862
2056
2959
1153
250
350
1253
3059
2156
3962
4865
6671
5768
7574
8477
7674
5868
6771
4965
4062
2256
3159
1353
450
550
1453
3259
2356
4162
5065
6871
5968
7774
6971
7874
6068
5165
4262
2456
3359
1553
650
745
1648
3454
2551
4357
5260
6163
7969
7066
7166
8069
6263
5360
3554
4457
2651
1748
845
944
2750
1847
4556
3653
5459
6362
8168
7265
7334
8237
6431
5528
3722
4625
1916
2819
1013
110
210
1113
2919
2016
4725
3822
5628
6531
8337
7434
7534
8437
6631
5728
3922
4825
2116
3019
1213
310
410
1313
3119
2216
4925
4022
5828
6731
7634
7734
6831
5928
4122
5025
2316
3219
1413
510
610
1513
3319
2416
5125
4222
6028
6931
7834
7930
7027
6124
5221
4318
2512
3415
1609
706
805
1708
2611
3514
4417
5320
6223
7126
8029
8129
7226
6323
5420
4517
3614
1808
2711
905
70
973
2779
1876
3682
4585
5488
6391
7294
8197
8297
7394
6491
5588
4685
3782
1976
2879
1073
170
270
1173
2979
2076
3882
4785
5688
6591
7494
8397
8497
7594
6691
5788
4885
3982
2176
3079
1273
370
470
1373
3179
2276
4082
4985
5888
6791
7694
7794
6891
5988
5085
4182
2376
3279
1473
570
670
1573
3379
2476
4282
5185
6088
7894
6991
7086
7989
6183
5280
4377
2571
3474
1668
765
865
1768
2671
4477
3574
5380
6283
8089
7186
7354
8257
6451
5548
3742
4645
2839
1936
1033
130
230
1133
2036
2939
4745
3842
5648
6551
8357
7454
7554
8457
6651
5748
3942
4845
3039
2136
1233
330
430
2236
3139
4945
4042
5848
6751
7654
7754
6851
5948
4142
5045
3239
2336
530
1433
1533
630
2436
3339
5145
4242
6048
6951
7854
7950
7047
5241
6144
4338
3435
2532
726
1629
1728
825
2631
3534
4437
6243
5340
7146
8049
8148
7245
5439
6342
4536
3633
1827
2730
924
993
90
2799
1896
3702
4605
6411
5508
7314
8217
8317
7414
5608
6511
4705
3802
1996
2899
190
1093
1193
290
2999
2096
3902
4805
6611
5708
7514
8417
7614
5808
6711
4905
4002
2196
3099
390
1293
1393
490
3199
2296
4102
5005
6811
5908
7714
7814
6008
6911
5105
4202
2396
3299
590
1493
1591
688
3397
2494
4300
5203
6106
7912
7009
7106
8009
6203
5300
4397
2591
3494
785
1688
1788
885
2691
4497
3594
5400
6303
8109
7206
7374
8277
6471
5568
3762
4665
2859
1956
150
1053
1153
250
2056
2959
4765
3862
5668
6571
8377
7474
7574
8477
6671
5768
3962
4865
3059
2156
350
1253
1353
450
2256
3159
4965
4062
5868
6771
7674
7774
6871
5968
4162
5065
3259
2356
550
1453
1553
650
2456
3359
5165
4262
6068
6971
7874
7969
7066
5260
6163
4357
3454
2551
745
1648
1748
845
2651
3554
4457
6263
5360
7166
8069
8168
7265
5459
6362
4556
3653
2750
1847
944
1013
110
1916
2819
3722
4625
6431
5528
7334
8237
8337
7434
5628
6531
4725
3822
2919
2016
210
1113
1213
310
2116
3019
3922
4825
6631
5728
7534
8437
7634
5828
6731
4925
4022
3119
2216
410
1313
1413
510
2316
3219
4122
5025
6831
5928
7734
7834
6028
6931
5125
4222
3319
2416
610
1513
1609
706
2512
3415
4318
6124
5221
7930
7027
7126
8029
5320
6223
3514
4417
2611
805
1708
905
1808
2711
4517
3614
6323
5420
8129
7226
7294
8197
5488
6391
3682
4585
2779
1876
70
973
1073
170
1976
2879
4685
3782
6491
5588
8297
7394
7494
8397
5688
6591
3882
4785
2979
2076
270
1173
1273
370
2176
3079
4885
3982
6691
5788
8497
7594
7694
5888
6791
4082
4985
3179
2276
470
1373
1473
570
2376
3279
5085
4182
6891
5988
7794
7894
6991
6088
4282
5185
3379
2476
670
1573
1668
765
2571
3474
4377
6183
5280
7086
7989
8089
7186
5380
6283
4477
3574
2671
865
1768
1033
130
2839
1936
3742
4645
6451
5548
7354
8257
8357
7454
5648
6551
4745
3842
2036
2939
230
1133
1233
330
3039
2136
3942
4845
6651
5748
7554
8457
7654
5848
6751
4945
4042
2236
3139
430
530
1433
3239
2336
4142
5045
6851
5948
7754
6951
7854
6048
5145
4242
2436
3339
1533
630
726
1629
3435
2532
4338
5241
6144
7950
7047
7146
8049
6243
5340
3534
4437
2631
1728
825
924
1827
2730
4536
3633
5439
6342
8148
7245
7314
8217
6411
5508
3702
4605
2799
1896
993
90
190
1093
1996
2899
4705
3802
5608
6511
8317
7414
7514
8417
6611
5708
3902
4805
2999
2096
1193
290
390
1293
2196
3099
4905
4002
5808
6711
7614
7714
6811
5908
4102
5005
3199
2296
1393
490
590
1493
2396
3299
5105
4202
6008
6911
7814
7912
7009
6106
4300
5203
3397
2494
1591
688
785
1688
2591
3494
4397
6203
5300
7106
8009
8109
7206
5400
6303
4497
3594
2691
1788
885
150
1053
2859
1956
3762
4665
6471
5568
7374
8277
8377
7474
5668
6571
4765
3862
2056
2959
1153
250
350
1253
3059
2156
3962
4865
6671
5768
7574
8477
7674
5868
6771
4965
4062
2256
3159
1353
450
550
1453
3259
2356
4162
5065
6871
5968
7774
6971
7874
6068
5165
4262
2456
3359
1553
650
745
1648
3454
2551
4357
6163
5260
7969
7066
7166
8069
5360
6263
4457
3554
2651
1748
845
944
2750
1847
3653
4556
6362
5459
8168
7265
7334
8237
5528
6431
4625
3722
1916
2819
1013
110
210
1113
2919
2016
3822
4725
6531
5628
8337
7434
7534
8437
5728
6631
4825
3922
2116
3019
1213
310
410
1313
3119
2216
4022
4925
6731
5828
7634
7734
5928
6831
5025
4122
2316
3219
1413
510
610
1513
3319
2416
4222
5125
6028
6931
7834
7930
7027
5221
6124
4318
2512
3415
1609
706
805
1708
2611
3514
4417
6223
5320
7126
8029
8129
7226
5420
6323
4517
3614
1808
2711
905
973
70
2779
1876
3682
4585
6391
5488
7294
8197
8297
7394
5588
6491
4685
3782
1976
2879
170
1073
1173
270
2979
2076
3882
4785
6591
5688
7494
8397
8497
7594
5788
6691
4885
3982
2176
3079
370
1273
1373
470
3179
2276
4082
4985
6791
5888
7694
7794
5988
6891
5085
4182
2376
3279
570
1473
1573
670
3379
2476
4282
5185
6088
7894
6991
7086
7989
6183
5280
4377
2571
3474
765
1668
1768
865
2671
4477
3574
5380
6283
8089
7186
7354
8257
6451
5548
3742
4645
2839
1936
130
1033
1133
230
2036
2939
4745
3842
5648
6551
8357
7454
7554
8457
6651
5748
3942
4845
3039
2136
330
1233
430
2236
3139
4945
4042
5848
6751
7654
7754
6851
5948
4142
5045
3239
2336
530
1433
1533
630
2436
3339
5145
4242
6048
6951
7854
7950
7047
5241
6144
4338
3435
2532
726
1629
1728
825
2631
3534
4437
6243
5340
7146
8049
8148
7245
5439
6342
4536
3633
1827
2730
924
993
90
2799
1896
3702
4605
6411
5508
7314
8217
8317
7414
5608
6511
4705
3802
1996
2899
190
1093
1193
290
2999
2096
3902
4805
6611
5708
7514
8417
7614
5808
6711
4905
4002
2196
3099
390
1293
1393
490
3199
2296
4102
5005
6811
5908
7714
7814
6008
6911
5105
4202
2396
3299
590
1493
1591
688
3397
2494
4300
5203
6106
7912
7009
7106
8009
6203
5300
4397
3494
2591
785
1688
885
1788
2691
3594
4497
5400
6303
8109
7206
7374
8277
6471
5568
4665
3762
2859
1956
150
1053
1153
250
2056
2959
3862
4765
5668
6571
8377
7474
7574
8477
6671
5768
4865
3962
3059
2156
350
1253
1353
450
2256
3159
4062
4965
5868
6771
7674
7774
6871
5968
5065
4162
3259
2356
550
1453
1553
650
2456
3359
4262
5165
6068
6971
7874
7969
7066
6163
5260
4357
3454
2551
745
1648
1748
845
2651
4457
3554
5360
6263
7166
8069
8168
7265
6362
5459
3653
4556
2750
1847
944
1013
110
1916
2819
4625
3722
5528
6431
7334
8237
8337
7434
6531
5628
3822
4725
2919
2016
210
1113
1213
310
2116
3019
4825
3922
5728
6631
7534
8437
7634
6731
5828
4022
4925
3119
2216
410
1313
1413
510
2316
3219
5025
4122
5928
6831
7734
6931
7834
6028
4222
5125
3319
2416
610
1513
1609
706
2512
3415
4318
5221
6124
7930
7027
7126
8029
6223
5320
3514
4417
2611
805
1708
905
1808
2711
4517
3614
5420
6323
8129
7226
7294
8197
6391
5488
3682
4585
2779
1876
973
70
170
1073
1976
2879
4685
3782
5588
6491
8297
7394
7494
8397
6591
5688
3882
4785
2979
2076
1173
270
370
1273
2176
3079
4885
3982
5788
6691
8497
7594
7694
6791
5888
4082
4985
3179
2276
1373
470
570
1473
2376
3279
5085
4182
5988
6891
7794
7894
6991
6088
4282
5185
3379
2476
1573
670
765
1668
2571
3474
4377
6183
5280
7086
7989
8089
7186
5380
6283
4477
3574
2671
1768
865
130
1033
2839
1936
3742
4645
6451
5548
7354
8257
8357
7454
5648
6551
4745
3842
2036
2939
1133
230
330
1233
3039
2136
3942
4845
6651
5748
7554
8457
7654
5848
6751
4945
4042
2236
3139
430
530
1433
3239
2336
4142
5045
6851
5948
7754
6951
7854
6048
5145
4242
2436
3339
1533
630
726
1629
3435
2532
4338
5241
6144
7950
7047
7146
8049
6243
5340
3534
4437
2631
1728
825
924
1827
2730
4536
3633
5439
6342
8148
7245
7314
8217
6411
5508
3702
4605
2799
1896
993
90
190
1093
1996
2899
4705
3802
5608
6511
8317
7414
7514
8417
6611
5708
3902
4805
2999
2096
1193
290
390
1293
2196
3099
4905
4002
5808
6711
7614
7714
6811
5908
4102
5005
3199
2296
1393
490
590
1493
2396
3299
5105
4202
6008
6911
7814
7912
7009
6106
4300
5203
3397
2494
1591
688
785
1688
2591
4397
3494
6203
5300
7106
8009
8109
7206
5400
6303
3594
4497
1788
2691
885
150
1053
2859
1956
4665
3762
6471
5568
7374
8277
8377
7474
5668
6571
3862
4765
2056
2959
1153
250
350
1253
3059
2156
4865
3962
6671
5768
7574
8477
7674
5868
6771
4062
4965
2256
3159
1353
450
550
1453
3259
2356
5065
4162
6871
5968
7774
6971
7874
6068
4262
5165
2456
3359
1553
650
745
1648
3454
2551
4357
6163
5260
7969
7066
7166
8069
5360
6263
4457
3554
2651
1748
845
944
2750
1847
3653
4556
6362
5459
8168
7265
7334
8237
5528
6431
4625
3722
1916
2819
1013
110
210
1113
2919
2016
3822
4725
6531
5628
8337
7434
7534
8437
5728
6631
4825
3922
2116
3019
1213
310
410
1313
3119
2216
4022
4925
6731
5828
7634
7734
5928
6831
5025
4122
2316
3219
1413
510
610
1513
3319
2416
4222
5125
6028
6931
7834
7930
7027
5221
6124
4318
2512
3415
1609
706
805
1708
2611
3514
4417
6223
5320
7126
8029
8129
7226
5420
6323
4517
3614
1808
2711
905
973
70
2779
1876
3682
4585
6391
5488
7294
8197
8297
7394
5588
6491
4685
3782
1976
2879
170
1073
1173
270
2979
2076
3882
4785
6591
5688
7494
8397
8497
7594
5788
6691
4885
3982
2176
3079
370
1273
1373
470
3179
2276
4082
4985
6791
5888
7694
7794
5988
6891
5085
4182
2376
3279
570
1473
1573
670
3379
2476
4282
5185
6088
7894
6991
7086
7989
6183
5280
4377
2571
3474
765
1668
1768
865
2671
4477
3574
5380
6283
8089
7186
7354
8257
6451
5548
3742
4645
2839
1936
130
1033
1133
230
2036
2939
4745
3842
5648
6551
8357
7454
7554
8457
6651
5748
3942
4845
3039
2136
330
1233
430
2236
3139
4945
4042
5848
6751
7654
7754
6851
5948
4142
5045
3239
2336
530
1433
1533
630
2436
3339
5145
4242
6048
6951
7854
7950
7047
5241
6144
4338
3435
2532
726
1629
1728
825
2631
3534
4437
6243
5340
7146
8049
8148
7245
5439
6342
4536
3633
1827
2730
924
993
90
2799
1896
3702
4605
6411
5508
7314
8217
8317
7414
5608
6511
4705
3802
1996
2899
190
1093
1193
290
2999
2096
3902
4805
6611
5708
7514
8417
7614
5808
6711
4905
4002
2196
3099
390
1293
1393
490
3199
2296
4102
5005
6811
5908
7714
7814
6008
6911
5105
4202
2396
3299
590
1493
1591
688
3397
2494
4300
5203
6106
7912
7009
7106
8009
6203
5300
4397
3494
2591
785
1688
885
1788
2691
3594
4497
5400
6303
8109
7206
7374
8277
6471
5568
4665
3762
2859
1956
150
1053
1153
250
2056
2959
3862
4765
5668
6571
8377
7474
7574
8477
6671
5768
4865
3962
3059
2156
350
1253
1353
450
2256
3159
4062
4965
5868
6771
7674
7774
6871
5968
5065
4162
3259
2356
550
1453
1553
650
2456
3359
4262
5165
6068
6971
7874
7969
7066
6163
5260
4357
3454
2551
745
1648
1748
845
2651
4457
3554
5360
6263
7166
8069
8168
7265
6362
5459
3653
4556
2750
1847
944
1013
110
1916
2819
4625
3722
5528
6431
7334
8237
8337
7434
6531
5628
3822
4725
2919
2016
210
1113
1213
310
2116
3019
4825
3922
5728
6631
7534
8437
7634
6731
5828
4022
4925
3119
2216
410
1313
1413
510
2316
3219
5025
4122
5928
6831
7734
6931
7834
6028
4222
5125
3319
2416
610
1513
1609
706
2512
3415
4318
5221
6124
7930
7027
7126
8029
6223
5320
3514
4417
2611
805
1708
905
1808
2711
4517
3614
5420
6323
8129
7226
7294
8197
6391
5488
3682
4585
2779
1876
973
70
170
1073
1976
2879
4685
3782
5588
6491
8297
7394
7494
8397
6591
5688
3882
4785
2979
2076
1173
270
370
1273
2176
3079
4885
3982
5788
6691
8497
7594
7694
6791
5888
4082
4985
3179
2276
1373
470
570
1473
2376
3279
5085
4182
5988
6891
7794
7894
6991
6088
4282
5185
3379
2476
1573
670
765
1668
2571
3474
4377
6183
5280
7086
7989
8089
7186
5380
6283
4477
3574
2671
1768
865
130
1033
2839
1936
3742
4645
6451
5548
7354
8257
8357
7454
5648
6551
4745
3842
2036
2939
1133
230
330
1233
3039
2136
3942
4845
6651
5748
7554
8457
7654
5848
6751
4945
4042
2236
3139
430
530
1433
3239
2336
4142
5045
6851
5948
7754
6951
7854
6048
5145
4242
2436
3339
1533
630
726
1629
3435
2532
4338
5241
6144
7950
7047
7146
8049
6243
5340
3534
4437
2631
1728
825
924
1827
2730
4536
3633
5439
6342
8148
7245
7314
8217
6411
5508
3702
4605
2799
1896
993
90
190
1093
1996
2899
4705
3802
5608
6511
8317
7414
7514
8417
6611
5708
3902
4805
2999
2096
1193
290
390
1293
2196
3099
4905
4002
5808
6711
7614
7714
6811
5908
4102
5005
3199
2296
1393
490
590
1493
2396
3299
5105
4202
6008
6911
7814
7912
7009
6106
4300
5203
3397
2494
1591
688
785
1688
2591
4397
3494
6203
5300
7106
8009
8109
7206
5400
6303
3594
4497
1788
2691
885
150
1053
2859
1956
4665
3762
6471
5568
7374
8277
8377
7474
5668
6571
3862
4765
2056
2959
1153
250
350
1253
3059
2156
4865
3962
6671
5768
7574
8477
7674
5868
6771
4062
4965
2256
3159
1353
450
550
1453
3259
2356
5065
4162
6871
5968
7774
6971
7874
6068
4262
5165
2456
3359
1553
650
745
1648
3454
2551
4357
6163
5260
7969
7066
7166
8069
5360
6263
4457
3554
2651
1748
845
944
2750
1847
3653
4556
6362
5459
8168
7265
7334
8237
5528
6431
4625
3722
1916
2819
1013
110
210
1113
2919
2016
3822
4725
6531
5628
8337
7434
7534
8437
5728
6631
4825
3922
2116
3019
1213
310
410
1313
3119
2216
4022
4925
6731
5828
7634
7734
5928
6831
5025
4122
2316
3219
1413
510
610
1513
3319
2416
4222
5125
6028
6931
7834
7930
7027
5221
6124
4318
2512
3415
1609
706
805
1708
2611
3514
4417
6223
5320
7126
8029
8129
7226
5420
6323
4517
3614
1808
2711
905
973
70
2779
1876
3682
4585
6391
5488
7294
8197
8297
7394
5588
6491
4685
3782
1976
2879
170
1073
1173
270
2979
2076
3882
4785
6591
5688
7494
8397
8497
7594
5788
6691
4885
3982
2176
3079
370
1273
1373
470
3179
2276
4082
4985
6791
5888
7694
7794
5988
6891
5085
4182
2376
3279
570
1473
1573
670
3379
2476
4282
5185
6088
7894
6991
7086
7989
6183
5280
4377
2571
3474
765
1668
1768
865
2671
4477
3574
5380
6283
8089
7186
7354
8257
6451
5548
3742
4645
2839
1936
130
1033
1133
230
2036
2939
4745
3842
5648
6551
8357
7454
7554
8457
6651
5748
3942
4845
3039
2136
330
1233
430
2236
3139
4945
4042
5848
6751
7654
7754
6851
5948
4142
5045
3239
2336
530
1433
1533
630
2436
3339
5145
4242
6048
6951
7854
7950
7047
5241
6144
4338
3435
2532
726
1629
1728
825
2631
3534
4437
6243
5340
7146
8049
8148
7245
5439
6342
4536
3633
1827
2730
924
993
90
2799
1896
3702
4605
6411
5508
7314
8217
8317
7414
5608
6511
4705
3802
1996
2899
190
1093
1193
290
2999
2096
3902
4805
6611
5708
7514
8417
7614
5808
6711
4905
4002
2196
3099
390
1293
1393
490
3199
2296
4102
5005
6811
5908
7714
7814
6008
6911
5105
4202
2396
3299
590
1493
1591
688
3397
2494
4300
5203
6106
7912
7009
7106
8009
6203
5300
4397
3494
2591
785
1688
885
1788
2691
3594
4497
5400
6303
8109
7206
7374
8277
6471
5568
4665
3762
2859
1956
150
1053
1153
250
2056
2959
3862
4765
5668
6571
8377
7474
7574
8477
6671
5768
4865
3962
3059
2156
350
1253
1353
450
2256
3159
4062
4965
5868
6771
7674
7774
6871
5968
5065
4162
3259
2356
550
1453
1553
650
2456
3359
4262
5165
6068
6971
7874
7969
7066
6163
5260
4357
3454
2551
745
1648
1748
845
2651
4457
3554
5360
6263
7166
8069
8168
7265
6362
5459
3653
4556
2750
1847
944
1013
110
1916
2819
4625
3722
5528
6431
7334
8237
8337
7434
6531
5628
3822
4725
2919
2016
210
1113
1213
310
2116
3019
4825
3922
5728
6631
7534
8437
7634
6731
5828
4022
4925
3119
2216
410
1313
1413
510
2316
3219
5025
4122
5928
6831
7734
6931
7834
6028
4222
5125
3319
2416
610
1513
1609
706
2512
3415
4318
5221
6124
7930
7027
7126
8029
6223
5320
3514
4417
2611
805
1708
905
1808
2711
4517
3614
5420
6323
8129
7226
7294
8197
6391
5488
3682
4585
2779
1876
973
70
170
1073
1976
2879
4685
3782
5588
6491
8297
7394
7494
8397
6591
5688
3882
4785
2979
2076
1173
270
370
1273
2176
3079
4885
3982
5788
6691
8497
7594
7694
6791
5888
4082
4985
3179
2276
1373
470
570
1473
2376
3279
5085
4182
5988
6891
7794
7894
6991
6088
4282
5185
3379
2476
1573
670
765
1668
2571
3474
4377
6183
5280
7086
7989
8089
7186
5380
6283
4477
3574
2671
1768
865
130
1033
2839
1936
3742
4645
6451
5548
7354
8257
8357
7454
5648
6551
4745
3842
2036
2939
1133
230
330
1233
3039
2136
3942
4845
6651
5748
7554
8457
7654
5848
6751
4945
4042
2236
3139
430
530
1433
3239
2336
4142
5045
6851
5948
7754
6951
7854
6048
5145
4242
2436
3339
1533
630
726
1629
3435
2532
4338
5241
6144
7950
7047
7146
8049
6243
5340
3534
4437
2631
1728
825
924
1827
2730
4536
3633
5439
6342
8148
7245
7314
8217
6411
5508
3702
4605
2799
1896
993
90
190
1093
1996
2899
4705
3802
5608
6511
8317
7414
7514
8417
6611
5708
3902
4805
2999
2096
1193
290
390
1293
2196
3099
4905
4002
5808
6711
7614
7714
6811
5908
4102
5005
3199
2296
1393
490
590
1493
2396
3299
5105
4202
6008
6911
7814
7912
7009
6106
4300
5203
3397
2494
1591
688
785
1688
2591
4397
3494
6203
5300
7106
8009
8109
7206
5400
6303
3594
4497
1788
2691
885
150
1053
2859
1956
4665
3762
6471
5568
7374
8277
8377
7474
5668
6571
3862
4765
2056
2959
1153
250
350
1253
3059
2156
4865
3962
6671
5768
7574
8477
7674
5868
6771
4062
4965
2256
3159
1353
450
550
1453
3259
2356
5065
4162
6871
5968
7774
6971
7874
6068
4262
5165
2456
3359
1553
650
745
1648
3454
2551
4357
6163
5260
7969
7066
7166
8069
5360
6263
4457
3554
2651
1748
845
944
2750
1847
3653
4556
6362
5459
8168
7265
7334
8237
5528
6431
4625
3722
1916
2819
1013
110
210
1113
2919
2016
3822
4725
6531
5628
8337
7434
7534
8437
5728
6631
4825
3922
2116
3019
1213
310
410
1313
3119
2216
4022
4925
6731
5828
7634
7734
5928
6831
5025
4122
2316
3219
1413
510
610
1513
3319
2416
4222
5125
6028
6931
7834
7930
7027
5221
6124
4318
2512
3415
1609
706
805
1708
2611
3514
4417
6223
5320
7126
8029
8129
7226
5420
6323
4517
3614
1808
2711
905
973
70
2779
1876
3682
4585
6391
5488
7294
8197
8297
7394
5588
6491
4685
3782
1976
2879
170
1073
1173
270
2979
2076
3882
4785
6591
5688
7494
8397
8497
7594
5788
6691
4885
3982
2176
3079
370
1273
1373
470
3179
2276
4082
4985
6791
5888
7694
7794
5988
6891
5085
4182
2376
3279
570
1473
1573
670
3379
2476
4282
5185
6088
7894
6991
7086
7989
6183
5280
4377
2571
3474
765
1668
1768
865
2671
4477
3574
5380
6283
8089
7186
7354
8257
6451
5548
3742
4645
2839
1936
130
1033
1133
230
2036
2939
4745
3842
5648
6551
8357
7454
7554
8457
6651
5748
3942
4845
3039
2136
330
1233
430
2236
3139
4945
4042
5848
6751
7654
7754
6851
5948
4142
5045
3239
2336
530
1433
1533
630
2436
3339
5145
4242
6048
6951
7854
7950
7047
5241
6144
4338
3435
2532
726
1629
1728
825
2631
3534
4437
6243
5340
7146
8049
8148
7245
5439
6342
4536
3633
1827
2730
924
993
90
2799
1896
3702
4605
6411
5508
7314
8217
8317
7414
5608
6511
4705
3802
1996
2899
190
1093
1193
290
2999
2096
3902
4805
6611
5708
7514
8417
7614
5808
6711
4905
4002
2196
3099
390
1293
1393
490
3199
2296
4102
5005
6811
5908
7714
7814
6008
6911
5105
4202
2396
3299
590
1493
1591
688
3397
2494
4300
5203
6106
7912
7009
7106
8009
6203
5300
4397
3494
2591
785
1688
885
1788
2691
3594
4497
5400
6303
8109
7206
7374
8277
6471
5568
4665
3762
2859
1956
150
1053
1153
250
2056
2959
3862
4765
5668
6571
8377
7474
7574
8477
6671
5768
4865
3962
3059
2156
350
1253
1353
450
2256
3159
4062
4965
5868
6771
7674
7774
6871
5968
5065
4162
3259
2356
550
1453
1553
650
2456
3359
4262
5165
6068
6971
7874
7969
7066
6163
5260
4357
3454
2551
745
1648
1748
845
2651
4457
3554
5360
6263
7166
8069
8168
7265
6362
5459
3653
4556
2750
1847
944
1013
110
1916
2819
4625
3722
5528
6431
7334
8237
8337
7434
6531
5628
3822
4725
2919
2016
210
1113
1213
310
2116
3019
4825
3922
5728
6631
7534
8437
7634
6731
5828
4022
4925
3119
2216
410
1313
1413
510
2316
3219
5025
4122
5928
6831
7734
6931
7834
6028
4222
5125
3319
2416
610
1513
1609
706
2512
3415
4318
5221
6124
7930
7027
7126
8029
6223
5320
3514
4417
2611
805
1708
905
1808
2711
4517
3614
5420
6323
8129
7226
7294
8197
6391
5488
3682
4585
2779
1876
973
70
170
1073
1976
2879
4685
3782
5588
6491
8297
7394
7494
8397
6591
5688
3882
4785
2979
2076
1173
270
370
1273
2176
3079
4885
3982
5788
6691
8497
7594
7694
6791
5888
4082
4985
3179
2276
1373
470
570
1473
2376
3279
5085
4182
5988
6891
7794
7894
6991
6088
4282
5185
3379
2476
1573
670
765
1668
2571
3474
4377
6183
5280
7086
7989
8089
7186
5380
6283
4477
3574
2671
1768
865
130
1033
2839
1936
3742
4645
6451
5548
7354
8257
8357
7454
5648
6551
4745
3842
2036
2939
1133
230
330
1233
3039
2136
3942
4845
6651
5748
7554
8457
7654
5848
6751
4945
4042
2236
3139
430
530
1433
3239
2336
4142
5045
6851
5948
7754
6951
7854
6048
5145
4242
2436
3339
1533
630
726
1629
3435
2532
4338
5241
6144
7950
7047
7146
8049
6243
5340
3534
4437
2631
1728
825
924
1827
2730
4536
3633
5439
6342
8148
7245
7314
8217
6411
5508
3702
4605
2799
1896
993
90
190
1093
1996
2899
4705
3802
5608
6511
8317
7414
7514
8417
6611
5708
3902
4805
2999
2096
1193
290
390
1293
2196
3099
4905
4002
5808
6711
7614
7714
6811
5908
4102
5005
3199
2296
1393
490
590
1493
2396
3299
5105
4202
6008
6911
7814
7912
7009
6106
4300
5203
3397
2494
1591
688
785
1688
2591
4397
3494
6203
5300
7106
8009
8109
7206
5400
6303
3594
4497
1788
2691
885
150
1053
2859
1956
4665
3762
6471
5568
7374
8277
8377
7474
5668
6571
3862
4765
2056
2959
1153
250
350
1253
3059
2156
4865
3962
6671
5768
7574
8477
7674
5868
6771
4062
4965
2256
3159
1353
450
550
1453
3259
2356
5065
4162
6871
5968
7774
6971
7874
6068
4262
5165
2456
3359
1553
650
745
1648
3454
2551
4357
6163
5260
7969
7066
7166
8069
5360
6263
4457
3554
2651
1748
845
944
2750
1847
3653
4556
6362
5459
8168
7265
7334
8237
5528
6431
4625
3722
1916
2819
1013
110
210
1113
2919
2016
3822
4725
6531
5628
8337
7434
7534
8437
5728
6631
4825
3922
2116
3019
1213
310
410
1313
3119
2216
4022
4925
6731
5828
7634
7734
5928
6831
5025
4122
2316
3219
1413
510
610
1513
3319
2416
4222
5125
6028
6931
7834
7930
7027
5221
6124
4318
2512
3415
1609
706
805
1708
2611
3514
4417
6223
5320
7126
8029
8129
7226
5420
6323
4517
3614
1808
2711
905
973
70
2779
1876
3682
4585
6391
5488
7294
8197
8297
7394
5588
6491
4685
3782
1976
2879
170
1073
1173
270
2979
2076
3882
4785
6591
5688
7494
8397
8497
7594
5788
6691
4885
3982
2176
3079
370
1273
1373
470
3179
2276
4082
4985
6791
5888
7694
7794
5988
6891
5085
4182
2376
3279
570
1473
1573
670
3379
2476
4282
5185
6088
7894
6991
7086
7989
6183
5280
4377
2571
3474
765
1668
1768
865
2671
4477
3574
5380
6283
8089
7186
7354
8257
6451
5548
3742
4645
2839
1936
130
1033
1133
230
2036
2939
4745
3842
5648
6551
8357
7454
7554
8457
6651
5748
3942
4845
3039
2136
330
1233
430
2236
3139
4945
4042
5848
6751
7654
7754
6851
5948
4142
5045
3239
2336
530
1433
1533
630
2436
3339
5145
4242
6048
6951
7854
7950
7047
5241
6144
4338
3435
2532
726
1629
1728
825
2631
3534
4437
6243
5340
7146
8049
8148
7245
5439
6342
4536
3633
1827
2730
924
993
90
2799
1896
3702
4605
6411
5508
7314
8217
8317
7414
5608
6511
4705
3802
1996
2899
190
1093
1193
290
2999
2096
3902
4805
6611
5708
7514
8417
7614
5808
6711
4905
4002
2196
3099
390
1293
1393
490
3199
2296
4102
5005
6811
5908
7714
7814
6008
6911
5105
4202
2396
3299
590
1493
1591
688
3397
2494
4300
5203
6106
7912
7009
7106
8009
6203
5300
4397
3494
2591
785
1688
885
1788
2691
3594
4497
5400
6303
8109
7206
7374
8277
6471
5568
4665
3762
2859
1956
150
1053
1153
250
2056
2959
3862
4765
5668
6571
8377
7474
7574
8477
6671
5768
4865
3962
3059
2156
350
1253
1353
450
2256
3159
4062
4965
5868
6771
7674
7774
6871
5968
5065
4162
3259
2356
550
1453
1553
650
2456
3359
4262
5165
6068
6971
7874
7969
7066
6163
5260
4357
3454
2551
745
1648
1748
845
2651
4457
3554
5360
6263
7166
8069
8168
7265
6362
5459
3653
4556
2750
1847
944
1013
110
1916
2819
4625
3722
5528
6431
7334
8237
8337
7434
6531
5628
3822
4725
2919
2016
210
1113
1213
310
2116
3019
4825
3922
5728
6631
7534
8437
7634
6731
5828
4022
4925
3119
2216
410
1313
1413
510
2316
3219
5025
4122
5928
6831
7734
6931
7834
6028
4222
5125
3319
2416
610
1513
1609
706
2512
3415
4318
5221
6124
7930
7027
7126
8029
6223
5320
3514
4417
2611
805
1708
905
1808
2711
4517
3614
5420
6323
8129
7226
7294
8197
6391
5488
3682
4585
2779
1876
973
70
170
1073
1976
2879
4685
3782
5588
6491
8297
7394
7494
8397
6591
5688
3882
4785
2979
2076
1173
270
370
1273
2176
3079
4885
3982
5788
6691
8497
7594
7694
6791
5888
4082
4985
3179
2276
1373
470
570
1473
2376
3279
5085
4182
5988
6891
7794
7894
6991
6088
4282
5185
3379
2476
1573
670
765
1668
2571
3474
4377
6183
5280
7086
7989
8089
7186
5380
6283
4477
3574
2671
1768
865
130
1033
2839
1936
3742
4645
6451
5548
7354
8257
8357
7454
5648
6551
4745
3842
2036
2939
1133
230
330
1233
3039
2136
3942
4845
6651
5748
7554
8457
7654
5848
6751
4945
4042
2236
3139
430
530
1433
3239
2336
4142
5045
6851
5948
7754
6951
7854
6048
5145
4242
2436
3339
1533
630
726
1629
3435
2532
4338
5241
6144
7950
7047
7146
8049
6243
5340
3534
4437
2631
1728
825
924
1827
2730
4536
3633
5439
6342
8148
7245
7314
8217
6411
5508
3702
4605
2799
1896
993
90
190
1093
1996
2899
4705
3802
5608
6511
8317
7414
7514
8417
6611
5708
3902
4805
2999
2096
1193
290
390
1293
2196
3099
4905
4002
5808
6711
7614
7714
6811
5908
4102
5005
3199
2296
1393
490
590
1493
2396
3299
5105
4202
6008
6911
7814
7912
7009
6106
4300
5203
3397
2494
1591
688
785
1688
2591
4397
3494
6203
5300
7106
8009
8109
7206
5400
6303
3594
4497
1788
2691
885
150
1053
2859
1956
4665
3762
6471
5568
7374
8277
8377
7474
5668
6571
3862
4765
2056
2959
1153
250
350
1253
3059
2156
4865
3962
6671
5768
7574
8477
7674
5868
6771
4062
4965
2256
3159
1353
450
550
1453
3259
2356
5065
4162
6871
5968
7774
6971
7874
6068
4262
5165
2456
3359
1553
650
745
1648
3454
2551
4357
6163
5260
7969
7066
7166
8069
5360
6263
4457
3554
2651
1748
845
944
2750
1847
3653
4556
6362
5459
8168
7265
7334
8237
5528
6431
4625
3722
1916
2819
1013
110
210
1113
2919
2016
3822
4725
6531
5628
8337
7434
7534
8437
5728
6631
4825
3922
2116
3019
1213
310
410
1313
3119
2216
4022
4925
6731
5828
7634
7734
5928
6831
5025
4122
2316
3219
1413
510
610
1513
3319
2416
4222
5125
6028
6931
7834
7930
7027
5221
6124
4318
2512
3415
1609
706
805
1708
2611
3514
4417
6223
5320
7126
8029
8129
7226
5420
6323
4517
3614
1808
2711
905
973
70
2779
1876
3682
4585
6391
5488
7294
8197
8297
7394
5588
6491
4685
3782
1976
2879
170
1073
1173
270
2979
2076
3882
4785
6591
5688
7494
8397
8497
7594
5788
6691
4885
3982
2176
3079
370
1273
1373
470
3179
2276
4082
4985
6791
5888
7694
7794
5988
6891
5085
4182
2376
3279
570
1473
1573
670
3379
2476
4282
5185
6088
7894
6991
7086
7989
6183
5280
4377
2571
3474
765
1668
1768
865
2671
4477
3574
5380
6283
8089
7186
7354
8257
6451
5548
3742
4645
2839
1936
130
1033
1133
230
2036
2939
4745
3842
5648
6551
8357
7454
7554
8457
6651
5748
3942
4845
3039
2136
330
1233
430
2236
3139
4945
4042
5848
6751
7654
7754
6851
5948
4142
5045
3239
2336
530
1433
1533
630
2436
3339
5145
4242
6048
6951
7854
7950
7047
5241
6144
4338
3435
2532
726
1629
1728
825
2631
3534
4437
6243
5340
7146
8049
8148
7245
5439
6342
4536
3633
1827
2730
924
993
90
2799
1896
3702
4605
6411
5508
7314
8217
8317
7414
5608
6511
4705
3802
1996
2899
190
1093
1193
290
2999
2096
3902
4805
6611
5708
7514
8417
7614
5808
6711
4905
4002
2196
3099
390
1293
1393
490
3199
2296
4102
5005
6811
5908
7714
7814
6008
6911
5105
4202
2396
3299
590
1493
1591
688
3397
2494
4300
5203
6106
7912
7009
7106
8009
6203
5300
4397
3494
2591
785
1688
885
1788
2691
3594
4497
5400
6303
8109
7206
7374
8277
6471
5568
4665
3762
2859
1956
150
1053
1153
250
2056
2959
3862
4765
5668
6571
8377
7474
7574
8477
6671
5768
4865
3962
3059
2156
350
1253
1353
450
2256
3159
4062
4965
5868
6771
7674
7774
6871
5968
5065
4162
3259
2356
550
1453
1553
650
2456
3359
4262
5165
6068
6971
7874
7969
7066
6163
5260
4357
3454
2551
745
1648
1748
845
2651
4457
3554
5360
6263
7166
8069
8168
7265
6362
5459
3653
4556
2750
1847
944
1013
110
1916
2819
4625
3722
5528
6431
7334
8237
8337
7434
6531
5628
3822
4725
2919
2016
210
1113
1213
310
2116
3019
4825
3922
5728
6631
7534
8437
7634
6731
5828
4022
4925
3119
2216
410
1313
1413
510
2316
3219
5025
4122
5928
6831
7734
6931
7834
6028
4222
5125
3319
2416
610
1513
1609
706
2512
3415
4318
5221
6124
7930
7027
7126
8029
6223
5320
3514
4417
2611
805
1708
905
1808
2711
4517
3614
5420
6323
8129
7226
7294
8197
6391
5488
3682
4585
2779
1876
973
70
170
1073
1976
2879
4685
3782
5588
6491
8297
7394
7494
8397
6591
5688
3882
4785
2979
2076
1173
270
370
1273
2176
3079
4885
3982
5788
6691
8497
7594
7694
6791
5888
4082
4985
3179
2276
1373
470
570
1473
2376
3279
5085
4182
5988
6891
7794
7894
6991
6088
4282
5185
3379
2476
1573
670
765
1668
2571
3474
4377
6183
5280
7086
7989
8089
7186
5380
6283
4477
3574
2671
1768
865
130
1033
2839
1936
3742
4645
6451
5548
7354
8257
8357
7454
5648
6551
4745
3842
2036
2939
1133
230
330
1233
3039
2136
3942
4845
6651
5748
7554
8457
7654
5848
6751
4945
4042
2236
3139
430
530
1433
3239
2336
4142
5045
6851
5948
7754
6951
7854
6048
5145
4242
2436
3339
1533
630
726
1629
3435
2532
4338
5241
6144
7950
7047
7146
8049
6243
5340
3534
4437
2631
1728
825
924
1827
2730
4536
3633
5439
6342
8148
7245
7314
8217
6411
5508
3702
4605
2799
1896
993
90
190
1093
1996
2899
4705
3802
5608
6511
8317
7414
7514
8417
6611
5708
3902
4805
2999
2096
1193
290
390
1293
2196
3099
4905
4002
5808
6711
7614
7714
6811
5908
4102
5005
3199
2296
1393
490
590
1493
2396
3299
5105
4202
6008
6911
7814
7912
7009
6106
4300
5203
3397
2494
1591
688
785
1688
2591
4397
3494
6203
5300
7106
8009
8109
7206
5400
6303
3594
4497
1788
2691
885
150
1053
2859
1956
4665
3762
6471
5568
7374
8277
8377
7474
5668
6571
3862
4765
2056
2959
1153
250
350
1253
3059
2156
4865
3962
6671
5768
7574
8477
7674
5868
6771
4062
4965
2256
3159
1353
450
550
1453
3259
2356
5065
4162
6871
5968
7774
6971
7874
6068
4262
5165
2456
3359
1553
650
745
1648
3454
2551
4357
5260
6163
7969
7066
7166
8069
6263
5360
4457
3554
2651
1748
845
944
2750
1847
3653
4556
5459
6362
8168
7265
7334
8237
6431
5528
4625
3722
1916
2819
1013
110
210
1113
2919
2016
3822
4725
5628
6531
8337
7434
7534
8437
6631
5728
4825
3922
2116
3019
1213
310
410
1313
3119
2216
4022
4925
5828
6731
7634
7734
6831
5928
5025
4122
2316
3219
1413
510
610
1513
3319
2416
4222
5125
6028
6931
7834
7930
7027
5221
6124
4318
2512
3415
1609
706
805
1708
2611
3514
4417
6223
5320
7126
8029
8129
7226
5420
6323
4517
3614
1808
2711
905
70
973
2779
1876
3682
4585
6391
5488
7294
8197
8297
7394
5588
6491
4685
3782
1976
2879
1073
170
270
1173
2979
2076
3882
4785
6591
5688
7494
8397
8497
7594
5788
6691
4885
3982
2176
3079
1273
370
470
1373
3179
2276
4082
4985
6791
5888
7694
7794
5988
6891
5085
4182
2376
3279
1473
570
670
1573
3379
2476
4282
5185
6088
7894
6991
7086
7989
6183
5280
4377
2571
3474
1668
765
865
1768
2671
4477
3574
5380
6283
8089
7186
7354
8257
6451
5548
3742
4645
2839
1936
1033
130
230
1133
2036
2939
4745
3842
5648
6551
8357
7454
7554
8457
6651
5748
3942
4845
3039
2136
1233
330
430
2236
3139
4945
4042
5848
6751
7654
7754
6851
5948
4142
5045
3239
2336
530
1433
1533
630
2436
3339
5145
4242
6048
6951
7854
7950
7047
5241
6144
4338
3435
2532
726
1629
1728
825
2631
3534
4437
6243
5340
7146
8049
8148
7245
5439
6342
4536
3633
1827
2730
924
993
90
2799
1896
3702
4605
6411
5508
7314
8217
8317
7414
5608
6511
4705
3802
1996
2899
190
1093
1193
290
2999
2096
3902
4805
6611
5708
7514
8417
7614
5808
6711
4905
4002
2196
3099
390
1293
1393
490
3199
2296
4102
5005
6811
5908
7714
7814
6008
6911
5105
4202
2396
3299
590
1493
1591
688
3397
2494
4300
5203
6106
7912
7009
7106
8009
6203
5300
4397
2591
3494
785
1688
885
2691
1788
4497
3594
5400
6303
8109
7206
7374
8277
6471
5568
3762
4665
1956
2859
150
1053
1153
250
2959
2056
4765
3862
5668
6571
8377
7474
7574
8477
6671
5768
3962
4865
2156
3059
350
1253
1353
450
3159
2256
4965
4062
5868
6771
7674
7774
6871
5968
4162
5065
2356
3259
550
1453
1553
650
3359
2456
5165
4262
6068
6971
7874
7969
7066
5260
6163
4357
2551
3454
745
1648
1748
845
2651
4457
3554
6263
5360
7166
8069
8168
7265
5459
6362
3653
4556
2750
1847
944
1013
110
1916
2819
4625
3722
6431
5528
7334
8237
8337
7434
5628
6531
3822
4725
2919
2016
210
1113
1213
310
2116
3019
4825
3922
6631
5728
7534
8437
7634
5828
6731
4022
4925
3119
2216
410
1313
1413
510
2316
3219
5025
4122
6831
5928
7734
6931
7834
6028
4222
5125
3319
2416
610
1513
1609
706
2512
3415
4318
5221
6124
7930
7027
7126
8029
6223
5320
3514
4417
2611
805
1708
905
1808
2711
4517
3614
5420
6323
8129
7226
7294
8197
6391
5488
3682
4585
2779
1876
70
973
1073
170
1976
2879
4685
3782
5588
6491
8297
7394
7494
8397
6591
5688
3882
4785
2979
2076
270
1173
1273
370
2176
3079
4885
3982
5788
6691
8497
7594
7694
6791
5888
4082
4985
3179
2276
470
1373
1473
570
2376
3279
5085
4182
5988
6891
7794
7894
6991
6088
4282
5185
3379
2476
670
1573
1668
765
2571
3474
4377
6183
5280
7086
7989
8089
7186
5380
6283
4477
3574
2671
865
1768
1033
130
2839
1936
3742
4645
6451
5548
7354
8257
8357
7454
5648
6551
4745
3842
2036
2939
230
1133
1233
330
3039
2136
3942
4845
6651
5748
7554
8457
7654
5848
6751
4945
4042
2236
3139
430
530
1433
3239
2336
4142
5045
6851
5948
7754
6951
7854
6048
5145
4242
2436
3339
1533
630
726
1629
3435
2532
4338
5241
6144
7950
7047
7146
8049
6243
5340
3534
4437
2631
1728
825
924
1827
2730
4536
3633
5439
6342
8148
7245
7314
8217
6411
5508
3702
4605
2799
1896
993
90
190
1093
1996
2899
4705
3802
5608
6511
8317
7414
7514
8417
6611
5708
3902
4805
2999
2096
1193
290
390
1293
2196
3099
4905
4002
5808
6711
7614
7714
6811
5908
4102
5005
3199
2296
1393
490
590
1493
2396
3299
5105
4202
6008
6911
7814
7912
7009
6106
4300
5203
3397
2494
1591
688
785
1688
2591
3494
4397
6203
5300
7106
8009
8109
7206
5400
6303
4497
3594
2691
1788
885
150
1053
1956
2859
3762
4665
6471
5568
7374
8277
8377
7474
5668
6571
4765
3862
2959
2056
1153
250
350
1253
2156
3059
3962
4865
6671
5768
7574
8477
7674
5868
6771
4965
4062
3159
2256
1353
450
550
1453
2356
3259
4162
5065
6871
5968
7774
6971
7874
6068
5165
4262
3359
2456
1553
650
745
1648
2551
3454
4357
5260
6163
7969
7066
7166
8069
6263
5360
4457
3554
2651
1748
845
944
2750
1847
3653
4556
5459
6362
8168
7265
7334
8237
6431
5528
4625
3722
1916
2819
1013
110
210
1113
2919
2016
3822
4725
5628
6531
8337
7434
7534
8437
6631
5728
4825
3922
2116
3019
1213
310
410
1313
3119
2216
4022
4925
5828
6731
7634
7734
6831
5928
5025
4122
2316
3219
1413
510
610
1513
3319
2416
4222
5125
6028
6931
7834
7930
7027
5221
6124
4318
2512
3415
1609
706
805
1708
2611
3514
4417
6223
5320
7126
8029
8129
7226
5420
6323
4517
3614
1808
2711
905
70
973
2779
1876
3682
4585
6391
5488
7294
8197
8297
7394
5588
6491
4685
3782
1976
2879
1073
170
270
1173
2979
2076
3882
4785
6591
5688
7494
8397
8497
7594
5788
6691
4885
3982
2176
3079
1273
370
470
1373
3179
2276
4082
4985
6791
5888
7694
7794
5988
6891
5085
4182
2376
3279
1473
570
670
1573
3379
2476
4282
5185
6088
7894
6991
7086
7989
6183
5280
4377
2571
3474
1668
765
865
1768
2671
4477
3574
5380
6283
8089
7186
7354
8257
6451
5548
3742
4645
2839
1936
1033
130
230
1133
2036
2939
4745
3842
5648
6551
8357
7454
7554
8457
6651
5748
3942
4845
3039
2136
1233
330
430
2236
3139
4945
4042
5848
6751
7654
7754
6851
5948
4142
5045
3239
2336
530
1433
1533
630
2436
3339
5145
4242
6048
6951
7854
7950
7047
5241
6144
4338
3435
2532
726
1629
1728
825
2631
3534
4437
6243
5340
7146
8049
8148
7245
5439
6342
4536
3633
1827
2730
924
993
90
2799
1896
3702
4605
6411
5508
7314
8217
8317
7414
5608
6511
4705
3802
1996
2899
190
1093
1193
290
2999
2096
3902
4805
6611
5708
7514
8417
7614
5808
6711
4905
4002
2196
3099
390
1293
1393
490
3199
2296
4102
5005
6811
5908
7714
7814
6008
6911
5105
4202
2396
3299
590
1493
1591
688
3397
2494
4300
5203
6106
7912
7009
7106
8009
6203
5300
4397
2591
3494
785
1688
885
2691
1788
4497
3594
5400
6303
8109
7206
7374
8277
6471
5568
3762
4665
1956
2859
150
1053
1153
250
2959
2056
4765
3862
5668
6571
8377
7474
7574
8477
6671
5768
3962
4865
2156
3059
350
1253
1353
450
3159
2256
4965
4062
5868
6771
7674
7774
6871
5968
4162
5065
2356
3259
550
1453
1553
650
3359
2456
5165
4262
6068
6971
7874
7969
7066
5260
6163
4357
2551
3454
745
1648
1748
845
2651
4457
3554
6263
5360
7166
8069
8168
7265
5459
6362
3653
4556
2750
1847
944
1013
110
1916
2819
4625
3722
6431
5528
7334
8237
8337
7434
5628
6531
3822
4725
2919
2016
210
1113
1213
310
2116
3019
4825
3922
6631
5728
7534
8437
7634
5828
6731
4022
4925
3119
2216
410
1313
1413
510
2316
3219
5025
4122
6831
5928
7734
6931
7834
6028
4222
5125
3319
2416
610
1513
1609
706
2512
3415
4318
5221
6124
7930
7027
7126
8029
6223
5320
3514
4417
2611
805
1708
905
1808
2711
4517
3614
5420
6323
8129
7226
7294
8197
6391
5488
3682
4585
2779
1876
70
973
1073
170
1976
2879
4685
3782
5588
6491
8297
7394
7494
8397
6591
5688
3882
4785
2979
2076
270
1173
1273
370
2176
3079
4885
3982
5788
6691
8497
7594
7694
6791
5888
4082
4985
3179
2276
470
1373
1473
570
2376
3279
5085
4182
5988
6891
7794
7894
6991
6088
4282
5185
3379
2476
670
1573
1668
765
2571
3474
4377
6183
5280
7086
7989
8089
7186
5380
6283
4477
3574
2671
865
1768
1033
130
2839
1936
3742
4645
6451
5548
7354
8257
8357
7454
5648
6551
4745
3842
2036
2939
230
1133
1233
330
3039
2136
3942
4845
6651
5748
7554
8457
7654
5848
6751
4945
4042
2236
3139
430
530
1433
3239
2336
4142
5045
6851
5948
7754
6951
7854
6048
5145
4242
2436
3339
1533
630
726
1629
3435
2532
4338
5241
6144
7950
7047
7146
8049
6243
5340
3534
4437
2631
1728
825
924
1827
2730
4536
3633
5439
6342
8148
7245
7314
8217
6411
5508
3702
4605
2799
1896
993
90
190
1093
1996
2899
4705
3802
5608
6511
8317
7414
7514
8417
6611
5708
3902
4805
2999
2096
1193
290
390
1293
2196
3099
4905
4002
5808
6711
7614
7714
6811
5908
4102
5005
3199
2296
1393
490
590
1493
2396
3299
5105
4202
6008
6911
7814
7912
7009
6106
4300
5203
3397
2494
1591
688
785
1688
2591
3494
4397
6203
5300
7106
8009
8109
7206
5400
6303
4497
3594
2691
1788
885
150
1053
1956
2859
3762
4665
6471
5568
7374
8277
8377
7474
5668
6571
4765
3862
2959
2056
1153
250
350
1253
2156
3059
3962
4865
6671
5768
7574
8477
7674
5868
6771
4965
4062
3159
2256
1353
450
550
1453
2356
3259
4162
5065
6871
5968
7774
6971
7874
6068
5165
4262
3359
2456
1553
650
745
1648
2551
3454
4357
5260
6163
7969
7066
7166
8069
6263
5360
4457
3554
2651
1748
845
944
2750
1847
3653
4556
5459
6362
8168
7265
7334
8237
6431
5528
4625
3722
1916
2819
1013
110
210
1113
2919
2016
3822
4725
5628
6531
8337
7434
7534
8437
6631
5728
4825
3922
2116
3019
1213
310
410
1313
3119
2216
4022
4925
5828
6731
7634
7734
6831
5928
5025
4122
2316
3219
1413
510
610
1513
3319
2416
4222
5125
6028
6931
7834
7930
7027
5221
6124
4318
2512
3415
1609
706
805
1708
2611
3514
4417
6223
5320
7126
8029
8129
7226
5420
6323
4517
3614
1808
2711
905
70
973
2779
1876
3682
4585
6391
5488
7294
8197
8297
7394
5588
6491
4685
3782
1976
2879
1073
170
270
1173
2979
2076
3882
4785
6591
5688
7494
8397
8497
7594
5788
6691
4885
3982
2176
3079
1273
370
470
1373
3179
2276
4082
4985
6791
5888
7694
7794
5988
6891
5085
4182
2376
3279
1473
570
670
1573
3379
2476
4282
5185
6088
7894
6991
7086
7989
6183
5280
4377
2571
3474
1668
765
865
1768
2671
4477
3574
5380
6283
8089
7186
7354
8257
6451
5548
3742
4645
2839
1936
1033
130
230
1133
2036
2939
4745
3842
5648
6551
8357
7454
7554
8457
6651
5748
3942
4845
3039
2136
1233
330
430
2236
3139
4945
4042
5848
6751
7654
7754
6851
5948
4142
5045
3239
2336
530
1433
1533
630
2436
3339
5145
4242
6048
6951
7854
7950
7047
5241
6144
4338
3435
2532
726
1629
1728
825
2631
3534
4437
6243
5340
7146
8049
8148
7245
5439
6342
4536
3633
1827
2730
924
993
90
2799
1896
3702
4605
6411
5508
7314
8217
8317
7414
5608
6511
4705
3802
1996
2899
190
1093
1193
290
2999
2096
3902
4805
6611
5708
7514
8417
7614
5808
6711
4905
4002
2196
3099
390
1293
1393
490
3199
2296
4102
5005
6811
5908
7714
7814
6008
6911
5105
4202
2396
3299
590
1493
1591
688
3397
2494
4300
5203
6106
7912
7009
7106
8009
6203
5300
4397
2591
3494
785
1688
885
2691
1788
4497
3594
5400
6303
8109
7206
7374
8277
6471
5568
3762
4665
1956
2859
150
1053
1153
250
2959
2056
4765
3862
5668
6571
8377
7474
7574
8477
6671
5768
3962
4865
2156
3059
350
1253
1353
450
3159
2256
4965
4062
5868
6771
7674
7774
6871
5968
4162
5065
2356
3259
550
1453
1553
650
3359
2456
5165
4262
6068
6971
7874
7969
7066
5260
6163
4357
2551
3454
745
1648
1748
845
2651
4457
3554
6263
5360
7166
8069
8168
7265
5459
6362
3653
4556
2750
1847
944
1013
110
1916
2819
4625
3722
6431
5528
7334
8237
8337
7434
5628
6531
3822
4725
2919
2016
210
1113
1213
310
2116
3019
4825
3922
6631
5728
7534
8437
7634
5828
6731
4022
4925
3119
2216
410
1313
1413
510
2316
3219
5025
4122
6831
5928
7734
6931
7834
6028
4222
5125
3319
2416
610
1513
1609
706
2512
3415
4318
5221
6124
7930
7027
7126
8029
6223
5320
3514
4417
2611
805
1708
905
1808
2711
4517
3614
5420
6323
8129
7226
7294
8197
6391
5488
3682
4585
2779
1876
70
973
1073
170
1976
2879
4685
3782
5588
6491
8297
7394
7494
8397
6591
5688
3882
4785
2979
2076
270
1173
1273
370
2176
3079
4885
3982
5788
6691
8497
7594
7694
6791
5888
4082
4985
3179
2276
470
1373
1473
570
2376
3279
5085
4182
5988
6891
7794
7894
6991
6088
4282
5185
3379
2476
670
1573
1668
765
2571
3474
4377
6183
5280
7086
7989
8089
7186
5380
6283
4477
3574
2671
865
1768
1033
130
2839
1936
3742
4645
6451
5548
7354
8257
8357
7454
5648
6551
4745
3842
2036
2939
230
1133
1233
330
3039
2136
3942
4845
6651
5748
7554
8457
7654
5848
6751
4945
4042
2236
3139
430
530
1433
3239
2336
4142
5045
6851
5948
7754
6951
7854
6048
5145
4242
2436
3339
1533
630
726
1629
3435
2532
4338
5241
6144
7950
7047
7146
8049
6243
5340
3534
4437
2631
1728
825
924
1827
2730
4536
3633
5439
6342
8148
7245
7314
8217
6411
5508
3702
4605
2799
1896
993
90
190
1093
1996
2899
4705
3802
5608
6511
8317
7414
7514
8417
6611
5708
3902
4805
2999
2096
1193
290
390
1293
2196
3099
4905
4002
5808
6711
7614
7714
6811
5908
4102
5005
3199
2296
1393
490
590
1493
2396
3299
5105
4202
6008
6911
7814
7912
7009
6106
4300
5203
3397
2494
1591
688
785
1688
2591
3494
4397
6203
5300
7106
8009
8109
7206
5400
6303
4497
3594
2691
1788
885
150
1053
1956
2859
3762
4665
6471
5568
7374
8277
8377
7474
5668
6571
4765
3862
2959
2056
1153
250
350
1253
2156
3059
3962
4865
6671
5768
7574
8477
7674
5868
6771
4965
4062
3159
2256
1353
450
550
1453
2356
3259
4162
5065
6871
5968
7774
6971
7874
6068
5165
4262
3359
2456
1553
650
745
1648
2551
3454
4357
5260
6163
7969
7066
7166
8069
6263
5360
4457
3554
2651
1748
845
944
2750
1847
3653
4556
5459
6362
8168
7265
7334
8237
6431
5528
4625
3722
1916
2819
1013
110
210
1113
2919
2016
3822
4725
5628
6531
8337
7434
7534
8437
6631
5728
4825
3922
2116
3019
1213
310
410
1313
3119
2216
4022
4925
5828
6731
7634
7734
6831
5928
5025
4122
2316
3219
1413
510
610
1513
3319
2416
4222
5125
6028
6931
7834
7930
7027
5221
6124
4318
2512
3415
1609
706
805
1708
2611
3514
4417
6223
5320
7126
8029
8129
7226
5420
6323
4517
3614
1808
2711
905
70
973
2779
1876
3682
4585
6391
5488
7294
8197
8297
7394
5588
6491
4685
3782
1976
2879
1073
170
270
1173
2979
2076
3882
4785
6591
5688
7494
8397
8497
7594
5788
6691
4885
3982
2176
3079
1273
370
470
1373
3179
2276
4082
4985
6791
5888
7694
7794
5988
6891
5085
4182
2376
3279
1473
570
670
1573
3379
2476
4282
5185
6088
7894
6991
7086
7989
6183
5280
4377
2571
3474
1668
765
865
1768
2671
4477
3574
5380
6283
8089
7186
7354
8257
6451
5548
3742
4645
2839
1936
1033
130
230
1133
2036
2939
4745
3842
5648
6551
8357
7454
7554
8457
6651
5748
3942
4845
3039
2136
1233
330
430
2236
3139
4945
4042
5848
6751
7654
7754
6851
5948
4142
5045
3239
2336
530
1433
1533
630
2436
3339
5145
4242
6048
6951
7854
7950
7047
5241
6144
4338
3435
2532
726
1629
1728
825
2631
3534
4437
6243
5340
7146
8049
8148
7245
5439
6342
4536
3633
1827
2730
924
993
90
2799
1896
3702
4605
6411
5508
7314
8217
8317
7414
5608
6511
4705
3802
1996
2899
190
1093
1193
290
2999
2096
3902
4805
6611
5708
7514
8417
7614
5808
6711
4905
4002
2196
3099
390
1293
1393
490
3199
2296
4102
5005
6811
5908
7714
7814
6008
6911
5105
4202
2396
3299
590
1493
1591
688
3397
2494
4300
5203
6106
7912
7009
7106
8009
6203
5300
4397
2591
3494
785
1688
885
2691
1788
4497
3594
5400
6303
8109
7206
7374
8277
6471
5568
3762
4665
1956
2859
150
1053
1153
250
2959
2056
4765
3862
5668
6571
8377
7474
7574
8477
6671
5768
3962
4865
2156
3059
350
1253
1353
450
3159
2256
4965
4062
5868
6771
7674
7774
6871
5968
4162
5065
2356
3259
550
1453
1553
650
3359
2456
5165
4262
6068
6971
7874
7969
7066
5260
6163
4357
2551
3454
745
1648
1748
845
2651
4457
3554
6263
5360
7166
8069
8168
7265
5459
6362
3653
4556
2750
1847
944
1013
110
1916
2819
4625
3722
6431
5528
7334
8237
8337
7434
5628
6531
3822
4725
2919
2016
210
1113
1213
310
2116
3019
4825
3922
6631
5728
7534
8437
7634
5828
6731
4022
4925
3119
2216
410
1313
1413
510
2316
3219
5025
4122
6831
5928
7734
6931
7834
6028
4222
5125
3319
2416
610
1513
1609
706
2512
3415
4318
5221
6124
7930
7027
7126
8029
6223
5320
3514
4417
2611
805
1708
905
1808
2711
4517
3614
5420
6323
8129
7226
7294
8197
6391
5488
3682
4585
2779
1876
70
973
1073
170
1976
2879
4685
3782
5588
6491
8297
7394
7494
8397
6591
5688
3882
4785
2979
2076
270
1173
1273
370
2176
3079
4885
3982
5788
6691
8497
7594
7694
6791
5888
4082
4985
3179
2276
470
1373
1473
570
2376
3279
5085
4182
5988
6891
7794
7894
6991
6088
4282
5185
3379
2476
670
1573
1668
765
2571
3474
4377
6183
5280
7086
7989
8089
7186
5380
6283
4477
3574
2671
865
1768
1033
130
2839
1936
3742
4645
6451
5548
7354
8257
8357
7454
5648
6551
4745
3842
2036
2939
230
1133
1233
330
3039
2136
3942
4845
6651
5748
7554
8457
7654
5848
6751
4945
4042
2236
3139
430
530
1433
3239
2336
4142
5045
6851
5948
7754
6951
7854
6048
5145
4242
2436
3339
1533
630
726
1629
3435
2532
4338
5241
6144
7950
7047
7146
8049
6243
5340
3534
4437
2631
1728
825
924
1827
2730
4536
3633
5439
6342
8148
7245
7314
8217
6411
5508
3702
4605
2799
1896
993
90
190
1093
1996
2899
4705
3802
5608
6511
8317
7414
7514
8417
6611
5708
3902
4805
2999
2096
1193
290
390
1293
2196
3099
4905
4002
5808
6711
7614
7714
6811
5908
4102
5005
3199
2296
1393
490
590
1493
2396
3299
5105
4202
6008
6911
7814
7912
7009
6106
4300
5203
3397
2494
1591
688
785
1688
2591
3494
4397
6203
5300
7106
8009
8109
7206
5400
6303
4497
3594
2691
1788
885
150
1053
1956
2859
3762
4665
6471
5568
7374
8277
8377
7474
5668
6571
4765
3862
2959
2056
1153
250
350
1253
2156
3059
3962
4865
6671
5768
7574
8477
7674
5868
6771
4965
4062
3159
2256
1353
450
550
1453
2356
3259
4162
5065
6871
5968
7774
6971
7874
6068
5165
4262
3359
2456
1553
650
745
1648
2551
3454
4357
5260
6163
7969
7066
7166
8069
6263
5360
4457
3554
2651
1748
845
944
2750
1847
3653
4556
5459
6362
8168
7265
7334
8237
6431
5528
4625
3722
1916
2819
1013
110
210
1113
2919
2016
3822
4725
5628
6531
8337
7434
7534
8437
6631
5728
4825
3922
2116
3019
1213
310
410
1313
3119
2216
4022
4925
5828
6731
7634
7734
6831
5928
5025
4122
2316
3219
1413
510
610
1513
3319
2416
4222
5125
6028
6931
7834
7930
7027
5221
6124
4318
2512
3415
1609
706
805
1708
2611
3514
4417
6223
5320
7126
8029
8129
7226
5420
6323
4517
3614
1808
2711
905
70
973
2779
1876
3682
4585
6391
5488
7294
8197
8297
7394
5588
6491
4685
3782
1976
2879
1073
170
270
1173
2979
2076
3882
4785
6591
5688
7494
8397
8497
7594
5788
6691
4885
3982
2176
3079
1273
370
470
1373
3179
2276
4082
4985
6791
5888
7694
7794
5988
6891
5085
4182
2376
3279
1473
570
670
1573
3379
2476
4282
5185
6088
7894
6991
7086
7989
6183
5280
4377
2571
3474
1668
765
865
1768
2671
4477
3574
5380
6283
8089
7186
7354
8257
6451
5548
3742
4645
2839
1936
1033
130
230
1133
2036
2939
4745
3842
5648
6551
8357
7454
7554
8457
6651
5748
3942
4845
3039
2136
1233
330
430
2236
3139
4945
4042
5848
6751
7654
7754
6851
5948
4142
5045
3239
2336
530
1433
1533
630
2436
3339
5145
4242
6048
6951
7854
7950
7047
5241
6144
4338
3435
2532
726
1629
1728
825
2631
3534
4437
6243
5340
7146
8049
8148
7245
5439
6342
4536
3633
1827
2730
924
993
90
2799
1896
3702
4605
6411
5508
7314
8217
8317
7414
5608
6511
4705
3802
1996
2899
190
1093
1193
290
2999
2096
3902
4805
6611
5708
7514
8417
7614
5808
6711
4905
4002
2196
3099
390
1293
1393
490
3199
2296
4102
5005
6811
5908
7714
7814
6008
6911
5105
4202
2396
3299
590
1493
1591
688
3397
2494
4300
5203
6106
7912
7009
7106
8009
6203
5300
4397
2591
3494
785
1688
885
2691
1788
4497
3594
5400
6303
8109
7206
7374
8277
6471
5568
3762
4665
1956
2859
150
1053
1153
250
2959
2056
4765
3862
5668
6571
8377
7474
7574
8477
6671
5768
3962
4865
2156
3059
350
1253
1353
450
3159
2256
4965
4062
5868
6771
7674
7774
6871
5968
4162
5065
2356
3259
550
1453
1553
650
3359
2456
5165
4262
6068
6971
7874
7969
7066
5260
6163
4357
2551
3454
745
1648
1748
845
2651
4457
3554
6263
5360
7166
8069
8168
7265
5459
6362
3653
4556
2750
1847
944
1013
110
1916
2819
4625
3722
6431
5528
7334
8237
8337
7434
5628
6531
3822
4725
2919
2016
210
1113
1213
310
2116
3019
4825
3922
6631
5728
7534
8437
7634
5828
6731
4022
4925
3119
2216
410
1313
1413
510
2316
3219
5025
4122
6831
5928
7734
6931
7834
6028
4222
5125
3319
2416
610
1513
1609
706
2512
3415
4318
5221
6124
7930
7027
7126
8029
6223
5320
3514
4417
2611
805
1708
905
1808
2711
4517
3614
5420
6323
8129
7226
7294
8197
6391
5488
3682
4585
2779
1876
70
973
1073
170
1976
2879
4685
3782
5588
6491
8297
7394
7494
8397
6591
5688
3882
4785
2979
2076
270
1173
1273
370
2176
3079
4885
3982
5788
6691
8497
7594
7694
6791
5888
4082
4985
3179
2276
470
1373
1473
570
2376
3279
5085
4182
5988
6891
7794
7894
6991
6088
4282
5185
3379
2476
670
1573
1668
765
2571
3474
4377
6183
5280
7086
7989
8089
7186
5380
6283
4477
3574
2671
865
1768
1033
130
2839
1936
3742
4645
6451
5548
7354
8257
8357
7454
5648
6551
4745
3842
2036
2939
230
1133
1233
330
3039
2136
3942
4845
6651
5748
7554
8457
7654
5848
6751
4945
4042
2236
3139
430
530
1433
3239
2336
4142
5045
6851
5948
7754
6951
7854
6048
5145
4242
2436
3339
1533
630
726
1629
3435
2532
4338
5241
6144
7950
7047
7146
8049
6243
5340
3534
4437
2631
1728
825
924
1827
2730
4536
3633
5439
6342
8148
7245
7314
8217
6411
5508
3702
4605
2799
1896
993
90
190
1093
1996
2899
4705
3802
5608
6511
8317
7414
7514
8417
6611
5708
3902
4805
2999
2096
1193
290
390
1293
2196
3099
4905
4002
5808
6711
7614
7714
6811
5908
4102
5005
3199
2296
1393
490
590
1493
2396
3299
5105
4202
6008
6911
7814
7912
7009
6106
4300
5203
3397
2494
1591
688
785
1688
2591
3494
4397
6203
5300
7106
8009
8109
7206
5400
6303
4497
3594
2691
1788
885
150
1053
1956
2859
3762
4665
6471
5568
7374
8277
8377
7474
5668
6571
4765
3862
2959
2056
1153
250
350
1253
2156
3059
3962
4865
6671
5768
7574
8477
7674
5868
6771
4965
4062
3159
2256
1353
450
550
1453
2356
3259
4162
5065
6871
5968
7774
6971
7874
6068
5165
4262
3359
2456
1553
650
745
1648
2551
3454
4357
5260
6163
7969
7066
7166
8069
6263
5360
4457
3554
2651
1748
845
944
2750
1847
3653
4556
5459
6362
8168
7265
7334
8237
6431
5528
4625
3722
1916
2819
1013
110
210
1113
2919
2016
3822
4725
5628
6531
8337
7434
7534
8437
6631
5728
4825
3922
2116
3019
1213
310
410
1313
3119
2216
4022
4925
5828
6731
7634
7734
6831
5928
5025
4122
2316
3219
1413
510
610
1513
3319
2416
4222
5125
6028
6931
7834
7930
7027
5221
6124
4318
2512
3415
1609
706
805
1708
2611
3514
4417
6223
5320
7126
8029
8129
7226
5420
6323
4517
3614
1808
2711
905
70
973
2779
1876
3682
4585
6391
5488
7294
8197
8297
7394
5588
6491
4685
3782
1976
2879
1073
170
270
1173
2979
2076
3882
4785
6591
5688
7494
8397
8497
7594
5788
6691
4885
3982
2176
3079
1273
370
470
1373
3179
2276
4082
4985
6791
5888
7694
7794
5988
6891
5085
4182
2376
3279
1473
570
670
1573
3379
2476
4282
5185
6088
7894
6991
7086
7989
6183
5280
4377
2571
3474
1668
765
865
1768
2671
4477
3574
5380
6283
8089
7186
7354
8257
6451
5548
3742
4645
2839
1936
1033
130
230
1133
2036
2939
4745
3842
5648
6551
8357
7454
7554
8457
6651
5748
3942
4845
3039
2136
1233
330
430
2236
3139
4945
4042
5848
6751
7654
7754
6851
5948
4142
5045
3239
2336
530
1433
1533
630
2436
3339
5145
4242
6048
6951
7854
7950
7047
5241
6144
4338
3435
2532
726
1629
1728
825
2631
3534
4437
6243
5340
7146
8049
8148
7245
5439
6342
4536
3633
1827
2730
924
993
90
2799
1896
3702
4605
6411
5508
7314
8217
8317
7414
5608
6511
4705
3802
1996
2899
190
1093
1193
290
2999
2096
3902
4805
6611
5708
7514
8417
7614
5808
6711
4905
4002
2196
3099
390
1293
1393
490
3199
2296
4102
5005
6811
5908
7714
7814
6008
6911
5105
4202
2396
3299
590
1493
1591
688
3397
2494
4300
5203
6106
7912
7009
7106
8009
6203
5300
4397
2591
3494
785
1688
885
2691
1788
4497
3594
5400
6303
8109
7206
7374
8277
6471
5568
3762
4665
1956
2859
150
1053
1153
250
2959
2056
4765
3862
5668
6571
8377
7474
7574
8477
6671
5768
3962
4865
2156
3059
350
1253
1353
450
3159
2256
4965
4062
5868
6771
7674
7774
6871
5968
4162
5065
2356
3259
550
1453
1553
650
3359
2456
5165
4262
6068
6971
7874
7969
7066
5260
6163
4357
2551
3454
745
1648
1748
845
2651
4457
3554
6263
5360
7166
8069
8168
7265
5459
6362
3653
4556
2750
1847
944
1013
110
1916
2819
4625
3722
6431
5528
7334
8237
8337
7434
5628
6531
3822
4725
2919
2016
210
1113
1213
310
2116
3019
4825
3922
6631
5728
7534
8437
7634
5828
6731
4022
4925
3119
2216
410
1313
1413
510
2316
3219
5025
4122
6831
5928
7734
6931
7834
6028
4222
5125
3319
2416
610
1513
1609
706
2512
3415
4318
5221
6124
7930
7027
7126
8029
6223
5320
3514
4417
2611
805
1708
905
1808
2711
4517
3614
5420
6323
8129
7226
7294
8197
6391
5488
3682
4585
2779
1876
70
973
1073
170
1976
2879
4685
3782
5588
6491
8297
7394
7494
8397
6591
5688
3882
4785
2979
2076
270
1173
1273
370
2176
3079
4885
3982
5788
6691
8497
7594
7694
6791
5888
4082
4985
3179
2276
470
1373
1473
570
2376
3279
5085
4182
5988
6891
7794
7894
6991
6088
4282
5185
3379
2476
670
1573
1668
765
2571
3474
4377
6183
5280
7086
7989
8089
7186
5380
6283
4477
3574
2671
865
1768
1033
130
2839
1936
3742
4645
6451
5548
7354
8257
8357
7454
5648
6551
4745
3842
2036
2939
230
1133
1233
330
3039
2136
3942
4845
6651
5748
7554
8457
7654
5848
6751
4945
4042
2236
3139
430
530
1433
3239
2336
4142
5045
6851
5948
7754
6951
7854
6048
5145
4242
2436
3339
1533
630
726
1629
3435
2532
4338
5241
6144
7950
7047
7146
8049
6243
5340
3534
4437
2631
1728
825
924
1827
2730
4536
3633
5439
6342
8148
7245
7314
8217
6411
5508
3702
4605
2799
1896
993
90
190
1093
1996
2899
4705
3802
5608
6511
8317
7414
7514
8417
6611
5708
3902
4805
2999
2096
1193
290
390
1293
2196
3099
4905
4002
5808
6711
7614
7714
6811
5908
4102
5005
3199
2296
1393
490
590
1493
2396
3299
5105
4202
6008
6911
7814
7912
7009
6106
4300
5203
3397
2494
1591
688
785
1688
2591
3494
4397
6203
5300
7106
8009
8109
7206
5400
6303
4497
3594
2691
1788
885
150
1053
1956
2859
3762
4665
6471
5568
7374
8277
8377
7474
5668
6571
4765
3862
2959
2056
1153
250
350
1253
2156
3059
3962
4865
6671
5768
7574
8477
7674
5868
6771
4965
4062
3159
2256
1353
450
550
1453
2356
3259
4162
5065
6871
5968
7774
6971
7874
6068
5165
4262
3359
2456
1553
650
745
1648
2551
3454
4357
5260
6163
7969
7066
7166
8069
6263
5360
3554
4457
2651
1748
845
944
2750
1847
4556
3653
5459
6362
8168
7265
7334
8237
6431
5528
3722
4625
1916
2819
1013
110
210
1113
2919
2016
4725
3822
5628
6531
8337
7434
7534
8437
6631
5728
3922
4825
2116
3019
1213
310
410
1313
3119
2216
4925
4022
5828
6731
7634
7734
6831
5928
4122
5025
2316
3219
1413
510
610
1513
3319
2416
5125
4222
6028
6931
7834
7930
7027
6124
5221
4318
2512
3415
1609
706
805
1708
2611
3514
4417
5320
6223
7126
8029
8129
7226
6323
5420
4517
3614
1808
2711
905
70
973
2779
1876
3682
4585
5488
6391
7294
8197
8297
7394
6491
5588
4685
3782
1976
2879
1073
170
270
1173
2979
2076
3882
4785
5688
6591
7494
8397
8497
7594
6691
5788
4885
3982
2176
3079
1273
370
470
1373
3179
2276
4082
4985
5888
6791
7694
7794
6891
5988
5085
4182
2376
3279
1473
570
670
1573
3379
2476
4282
5185
6088
7894
6991
7086
7989
6183
5280
4377
2571
3474
1668
765
865
1768
2671
4477
3574
5380
6283
8089
7186
7354
8257
6451
5548
3742
4645
2839
1936
1033
130
230
1133
2036
2939
4745
3842
5648
6551
8357
7454
7554
8457
6651
5748
3942
4845
3039
2136
1233
330
430
2236
3139
4945
4042
5848
6751
7654
7754
6851
5948
4142
5045
3239
2336
530
1433
1533
630
2436
3339
5145
4242
6048
6951
7854
7950
7047
5241
6144
4338
3435
2532
726
1629
1728
825
2631
3534
4437
6243
5340
7146
8049
8148
7245
5439
6342
4536
3633
1827
2730
924
993
90
2799
1896
3702
4605
6411
5508
7314
8217
8317
7414
5608
6511
4705
3802
1996
2899
190
1093
1193
290
2999
2096
3902
4805
6611
5708
7514
8417
7614
5808
6711
4905
4002
2196
3099
390
1293
1393
490
3199
2296
4102
5005
6811
5908
7714
7814
6008
6911
5105
4202
2396
3299
590
1493
1591
688
3397
2494
4300
5203
6106
7912
7009
7106
8009
6203
5300
4397
2591
3494
785
1688
1788
885
2691
4497
3594
5400
6303
8109
7206
7374
8277
6471
5568
3762
4665
2859
1956
150
1053
1153
250
2056
2959
4765
3862
5668
6571
8377
7474
7574
8477
6671
5768
3962
4865
3059
2156
350
1253
1353
450
2256
3159
4965
4062
5868
6771
7674
7774
6871
5968
4162
5065
3259
2356
550
1453
1553
650
2456
3359
5165
4262
6068
6971
7874
7969
7066
5260
6163
4357
3454
2551
745
1648
1748
845
2651
3554
4457
6263
5360
7166
8069
8168
7265
5459
6362
4556
3653
2750
1847
944
1433
530
2336
3239
4142
5045
6851
5948
7754
7314
8217
5508
6411
4605
3702
2799
1896
90
993
1493
590
2396
3299
4202
5105
6911
6008
7814
8277
7374
5568
6471
4665
3762
2859
1956
150
1053
1553
650
2456
3359
4262
5165
6068
6971
7874
8337
7434
5628
6531
4725
3822
2919
2016
210
1113
1609
706
2512
3415
4318
6124
5221
7027
7930
8397
7494
5688
6591
3882
4785
2979
2076
270
1173
1668
765
2571
3474
4377
6183
5280
7086
7989
8457
7554
5748
6651
4845
3942
3039
2136
330
1233
1728
825
2631
3534
4437
6243
5340
7146
8049
7614
5808
6711
4905
4002
2196
3099
390
1293
1788
885
2691
3594
4497
6303
5400
7206
8109
7674
5868
6771
4965
4062
3159
2256
450
1353
944
1847
2750
3653
4556
6362
5459
7265
8168
7734
5928
6831
5025
4122
3219
2316
1413
510
70
973
1876
2779
3682
4585
6391
5488
7294
8197
7794
5988
6891
5085
4182
3279
2376
1473
570
130
1033
1936
2839
3742
4645
6451
5548
8257
7354
6951
7854
6048
5145
4242
3339
2436
1533
630
190
1093
1996
2899
3802
4705
5608
6511
8317
7414
7009
7912
6106
5203
4300
3397
2494
1591
688
250
1153
2056
2959
3862
4765
6571
5668
8377
7474
7066
7969
5260
6163
4357
3454
2551
1648
745
310
1213
2116
3019
3922
4825
6631
5728
8437
7534
7126
8029
5320
6223
4417
3514
2611
1708
805
370
1273
2176
3079
3982
4885
6691
5788
8497
7594
7186
8089
5380
6283
4477
3574
2671
1768
865
430
3139
2236
4042
4945
6751
5848
7654
7245
8148
5439
6342
4536
3633
1827
2730
924
1393
490
3199
2296
4102
5005
6811
5908
7714
7774
5968
6871
5065
4162
2356
3259
550
1453
1013
110
2819
1916
3722
4625
6431
5528
7334
8237
7834
6028
6931
5125
4222
2416
3319
610
1513
1073
170
2879
1976
3782
4685
6491
5588
8297
7394
6991
7894
6088
5185
4282
2476
3379
670
1573
1133
230
2939
2036
3842
4745
6551
5648
8357
7454
7047
7950
5241
6144
4338
2532
3435
726
1629
1193
290
2999
2096
3902
4805
6611
5708
8417
7514
7106
8009
5300
6203
4397
2591
3494
785
1688
1253
350
3059
2156
4865
3962
6671
5768
8477
7574
7166
8069
5360
6263
3554
4457
2651
845
1748
1313
410
3119
2216
4925
4022
6731
5828
7634
7226
8129
5420
6323
3614
4517
1808
2711
905
470
1373
3179
2276
4985
4082
6791
5888
7694
7754
5948
6851
4142
5045
2336
3239
1433
530
90
993
2799
1896
4605
3702
6411
5508
7314
8217
7814
6008
6911
4202
5105
2396
3299
1493
590
150
1053
2859
1956
4665
3762
6471
5568
8277
7374
6971
7874
6068
4262
5165
2456
3359
1553
650
210
1113
2919
2016
4725
3822
5628
6531
8337
7434
7027
7930
6124
5221
4318
2512
3415
1609
706
270
1173
2979
2076
3882
4785
5688
6591
8397
7494
7086
7989
6183
5280
4377
2571
3474
1668
765
330
1233
3039
2136
4845
3942
5748
6651
8457
7554
7146
8049
6243
5340
3534
4437
2631
1728
825
390
1293
2196
3099
4905
4002
5808
6711
7614
7206
8109
6303
5400
3594
4497
2691
1788
885
450
1353
3159
2256
4965
4062
5868
6771
7674
7265
8168
6362
5459
3653
4556
1847
2750
944
1413
510
3219
2316
5025
4122
5928
6831
7734
7294
8197
6391
5488
3682
4585
1876
2779
70
973
1473
570
3279
2376
5085
4182
5988
6891
7794
8257
7354
6451
5548
3742
4645
1936
2839
130
1033
1533
630
3339
2436
5145
4242
6048
6951
7854
8317
7414
5608
6511
3802
4705
1996
2899
190
1093
1591
688
3397
2494
5203
4300
6106
7009
7912
8377
7474
6571
5668
3862
4765
2056
2959
250
1153
1648
745
3454
2551
4357
5260
6163
7066
7969
8437
7534
6631
5728
3922
4825
2116
3019
310
1213
1708
805
2611
4417
3514
5320
6223
7126
8029
8497
7594
6691
5788
3982
4885
2176
3079
370
1273
1768
865
2671
4477
3574
5380
6283
7186
8089
7654
6751
5848
4042
4945
3139
2236
430
924
1827
2730
4536
3633
5439
6342
7245
8148
7714
6811
5908
4102
5005
3199
2296
1393
490
550
1453
2356
3259
5065
4162
5968
6871
7774
7334
8237
6431
5528
3722
4625
2819
1916
1013
110
610
1513
2416
3319
5125
4222
6028
6931
7834
8297
7394
6491
5588
3782
4685
2879
1976
1073
170
670
1573
2476
3379
5185
4282
6088
6991
7894
8357
7454
6551
5648
3842
4745
2939
2036
1133
230
726
1629
2532
3435
4338
5241
6144
7047
7950
8417
7514
6611
5708
3902
4805
2999
2096
1193
290
785
1688
2591
3494
4397
5300
6203
7106
8009
8477
7574
6671
5768
4865
3962
3059
2156
1253
350
845
1748
2651
3554
4457
5360
6263
7166
8069
7634
6731
5828
4925
4022
3119
2216
1313
410
905
1808
2711
3614
4517
5420
6323
7226
8129
7694
6791
5888
4985
4082
3179
2276
470
1373
1433
530
2336
3239
4142
5045
5948
6851
7754
7314
8217
6411
5508
4605
3702
2799
1896
90
993
1493
590
2396
3299
4202
5105
6008
6911
7814
8277
7374
6471
5568
4665
3762
2859
1956
150
1053
1553
650
2456
3359
4262
5165
6068
6971
7874
8337
7434
5628
6531
4725
3822
2919
2016
210
1113
1609
706
2512
3415
4318
6124
5221
7027
7930
8397
7494
5688
6591
3882
4785
2979
2076
270
1173
1668
765
2571
3474
4377
6183
5280
7086
7989
8457
7554
5748
6651
4845
3942
3039
2136
330
1233
1728
825
2631
3534
4437
6243
5340
7146
8049
7614
5808
6711
4905
4002
2196
3099
390
1293
1788
885
2691
3594
4497
6303
5400
7206
8109
7674
5868
6771
4965
4062
3159
2256
450
1353
944
1847
2750
3653
4556
6362
5459
7265
8168
7734
5928
6831
5025
4122
3219
2316
1413
510
70
973
1876
2779
3682
4585
6391
5488
7294
8197
7794
5988
6891
5085
4182
3279
2376
1473
570
130
1033
1936
2839
3742
4645
6451
5548
8257
7354
6951
7854
6048
5145
4242
3339
2436
1533
630
190
1093
1996
2899
3802
4705
5608
6511
8317
7414
7009
7912
6106
5203
4300
3397
2494
1591
688
250
1153
2056
2959
3862
4765
6571
5668
8377
7474
7066
7969
5260
6163
4357
3454
2551
1648
745
310
1213
2116
3019
3922
4825
6631
5728
8437
7534
7126
8029
5320
6223
4417
3514
2611
1708
805
370
1273
2176
3079
3982
4885
6691
5788
8497
7594
7186
8089
5380
6283
4477
3574
2671
1768
865
430
3139
2236
4042
4945
6751
5848
7654
7245
8148
5439
6342
4536
3633
1827
2730
924
1393
490
3199
2296
4102
5005
6811
5908
7714
7774
5968
6871
5065
4162
2356
3259
550
1453
1013
110
2819
1916
3722
4625
6431
5528
7334
8237
7834
6028
6931
5125
4222
2416
3319
610
1513
1073
170
2879
1976
3782
4685
6491
5588
8297
7394