1
1
1
1
1
1
1
1
1
1
2
2
2
2
2
2
2
2
2
2
3
3
3
3
3
3
3
3
3
3
4
4
4
4
4
4
4
4
4
5
5
5
5
5
5
5
5
5
6
6
6
6
6
6
6
6
6
7
7
7
7
7
7
7
7
7
8
8
8
8
8
8
8
8
8
9
9
9
9
9
9
9
9
9
30
30
30
30
30
30
30
30
30
30
31
31
31
31
31
31
31
31
31
31
32
32
32
32
32
32
32
32
32
32
33
33
33
33
33
33
33
33
33
34
34
34
34
34
34
34
34
34
35
35
35
35
35
35
35
35
35
36
36
36
36
36
36
36
36
36
37
37
37
37
37
37
37
37
37
38
38
38
38
38
38
38
38
38
59
59
59
59
59
59
59
59
59
59
60
60
60
60
60
60
60
60
60
60
61
61
61
61
61
61
61
61
61
61
62
62
62
62
62
62
62
62
62
62
63
63
63
63
63
63
63
63
63
64
64
64
64
64
64
64
64
64
65
65
65
65
65
65
65
65
65
66
66
66
66
66
66
66
66
66
67
67
67
67
67
67
67
67
67
89
89
89
89
89
89
89
89
89
89
90
90
90
90
90
90
90
90
90
90
91
91
91
91
91
91
91
91
91
91
92
92
92
92
92
92
92
92
93
93
93
93
93
93
93
93
93
94
94
94
94
94
94
94
94
94
95
95
95
95
95
95
95
95
95
96
96
96
96
96
96
96
96
96
97
97
97
97
97
97
97
97
97
118
118
118
118
118
118
118
118
118
118
119
119
119
119
119
119
119
119
119
119
120
120
120
120
120
120
120
120
120
120
121
121
121
121
121
121
121
121
121
122
122
122
122
122
122
122
122
122
123
123
123
123
123
123
123
123
123
124
124
124
124
124
124
124
124
124
125
125
125
125
125
125
125
125
125
126
126
126
126
126
126
126
126
126
148
148
148
148
148
148
148
148
148
148
149
149
149
149
149
149
149
149
149
149
150
150
150
150
150
150
150
150
150
150
151
151
151
151
151
151
151
151
151
152
152
152
152
152
152
152
152
152
153
153
153
153
153
153
153
153
153
154
154
154
154
154
154
154
154
154
155
155
155
155
155
155
155
155
155
156
156
156
156
156
156
156
156
156
177
177
177
177
177
177
177
177
177
177
178
178
178
178
178
178
178
178
178
178
179
179
179
179
179
179
179
179
179
179
180
180
180
180
180
180
180
180
180
181
181
181
181
181
181
181
181
181
182
182
182
182
182
182
182
182
182
183
183
183
183
183
183
183
183
183
184
184
184
184
184
184
184
184
184
185
185
185
185
185
185
185
185
185
206
206
206
206
206
206
206
206
206
206
207
207
207
207
207
207
207
207
207
207
208
208
208
208
208
208
208
208
208
208
209
209
209
209
209
209
209
209
209
209
210
210
210
210
210
210
210
210
210
211
211
211
211
211
211
211
211
211
212
212
212
212
212
212
212
212
212
213
213
213
213
213
213
213
213
213
214
214
214
214
214
214
214
214
214
236
236
236
236
236
236
236
236
236
236
237
237
237
237
237
237
237
237
237
237
238
238
238
238
238
238
238
238
238
238
239
239
239
239
239
239
239
239
240
240
240
240
240
240
240
240
240
241
241
241
241
241
241
241
241
241
242
242
242
242
242
242
242
242
242
243
243
243
243
243
243
243
243
243
244
244
244
244
244
244
244
244
244
265
265
265
265
265
265
265
265
265
265
266
266
266
266
266
266
266
266
266
266
267
267
267
267
267
267
267
267
267
267
268
268
268
268
268
268
268
268
268
269
269
269
269
269
269
269
269
269
270
270
270
270
270
270
270
270
270
271
271
271
271
271
271
271
271
271
272
272
272
272
272
272
272
272
272
273
273
273
273
273
273
273
273
273
295
295
295
295
295
295
295
295
295
295
296
296
296
296
296
296
296
296
296
296
297
297
297
297
297
297
297
297
297
297
298
298
298
298
298
298
298
298
298
299
299
299
299
299
299
299
299
299
300
300
300
300
300
300
300
300
300
301
301
301
301
301
301
301
301
301
302
302
302
302
302
302
302
302
302
303
303
303
303
303
303
303
303
303
324
324
324
324
324
324
324
324
324
324
325
325
325
325
325
325
325
325
325
325
326
326
326
326
326
326
326
326
326
326
327
327
327
327
327
327
327
327
327
328
328
328
328
328
328
328
328
328
329
329
329
329
329
329
329
329
329
330
330
330
330
330
330
330
330
330
331
331
331
331
331
331
331
331
331
332
332
332
332
332
332
332
332
332
353
353
353
353
353
353
353
353
353
353
354
354
354
354
354
354
354
354
354
354
355
355
355
355
355
355
355
355
355
355
356
356
356
356
356
356
356
356
356
356
357
357
357
357
357
357
357
357
357
358
358
358
358
358
358
358
358
358
359
359
359
359
359
359
359
359
359
360
360
360
360
360
360
360
360
360
361
361
361
361
361
361
361
361
361
383
383
383
383
383
383
383
383
383
383
384
384
384
384
384
384
384
384
384
384
385
385
385
385
385
385
385
385
385
385
386
386
386
386
386
386
386
386
387
387
387
387
387
387
387
387
387
388
388
388
388
388
388
388
388
388
389
389
389
389
389
389
389
389
389
390
390
390
390
390
390
390
390
390
391
391
391
391
391
391
391
391
391
412
412
412
412
412
412
412
412
412
412
413
413
413
413
413
413
413
413
413
413
414
414
414
414
414
414
414
414
414
414
415
415
415
415
415
415
415
415
415
416
416
416
416
416
416
416
416
416
417
417
417
417
417
417
417
417
417
418
418
418
418
418
418
418
418
418
419
419
419
419
419
419
419
419
419
420
420
420
420
420
420
420
420
420
442
442
442
442
442
442
442
442
442
442
443
443
443
443
443
443
443
443
443
443
444
444
444
444
444
444
444
444
444
444
445
445
445
445
445
445
445
445
445
446
446
446
446
446
446
446
446
446
447
447
447
447
447
447
447
447
447
448
448
448
448
448
448
448
448
448
449
449
449
449
449
449
449
449
449
450
450
450
450
450
450
450
450
450
471
471
471
471
471
471
471
471
471
471
472
472
472
472
472
472
472
472
472
472
473
473
473
473
473
473
473
473
473
473
474
474
474
474
474
474
474
474
474
475
475
475
475
475
475
475
475
475
476
476
476
476
476
476
476
476
476
477
477
477
477
477
477
477
477
477
478
478
478
478
478
478
478
478
478
479
479
479
479
479
479
479
479
479
500
500
500
500
500
500
500
500
500
500
501
501
501
501
501
501
501
501
501
501
502
502
502
502
502
502
502
502
502
502
503
503
503
503
503
503
503
503
503
503
504
504
504
504
504
504
504
504
504
505
505
505
505
505
505
505
505
505
506
506
506
506
506
506
506
506
506
507
507
507
507
507
507
507
507
507
508
508
508
508
508
508
508
508
508
530
530
530
530
530
530
530
530
530
530
531
531
531
531
531
531
531
531
531
531
532
532
532
532
532
532
532
532
532
532
533
533
533
533
533
533
533
533
534
534
534
534
534
534
534
534
534
535
535
535
535
535
535
535
535
535
536
536
536
536
536
536
536
536
536
537
537
537
537
537
537
537
537
537
538
538
538
538
538
538
538
538
538
559
559
559
559
559
559
559
559
559
559
560
560
560
560
560
560
560
560
560
560
561
561
561
561
561
561
561
561
561
561
562
562
562
562
562
562
562
562
562
563
563
563
563
563
563
563
563
563
564
564
564
564
564
564
564
564
564
565
565
565
565
565
565
565
565
565
566
566
566
566
566
566
566
566
566
567
567
567
567
567
567
567
567
567
589
589
589
589
589
589
589
589
589
589
590
590
590
590
590
590
590
590
590
590
591
591
591
591
591
591
591
591
591
591
592
592
592
592
592
592
592
592
592
593
593
593
593
593
593
593
593
593
594
594
594
594
594
594
594
594
594
595
595
595
595
595
595
595
595
595
596
596
596
596
596
596
596
596
596
597
597
597
597
597
597
597
597
597
618
618
618
618
618
618
618
618
618
618
619
619
619
619
619
619
619
619
619
619
620
620
620
620
620
620
620
620
620
620
621
621
621
621
621
621
621
621
621
622
622
622
622
622
622
622
622
622
623
623
623
623
623
623
623
623
623
624
624
624
624
624
624
624
624
624
625
625
625
625
625
625
625
625
625
626
626
626
626
626
626
626
626
626
647
647
647
647
647
647
647
647
647
647
648
648
648
648
648
648
648
648
648
648
649
649
649
649
649
649
649
649
649
649
650
650
650
650
650
650
650
650
650
650
651
651
651
651
651
651
651
651
651
652
652
652
652
652
652
652
652
652
653
653
653
653
653
653
653
653
653
654
654
654
654
654
654
654
654
654
655
655
655
655
655
655
655
655
655
677
677
677
677
677
677
677
677
677
677
678
678
678
678
678
678
678
678
678
678
679
679
679
679
679
679
679
679
679
679
680
680
680
680
680
680
680
680
681
681
681
681
681
681
681
681
681
682
682
682
682
682
682
682
682
682
683
683
683
683
683
683
683
683
683
684
684
684
684
684
684
684
684
684
685
685
685
685
685
685
685
685
685
706
706
706
706
706
706
706
706
706
706
707
707
707
707
707
707
707
707
707
707
708
708
708
708
708
708
708
708
708
708
709
709
709
709
709
709
709
709
709
710
710
710
710
710
710
710
710
710
711
711
711
711
711
711
711
711
711
712
712
712
712
712
712
712
712
712
713
713
713
713
713
713
713
713
713
714
714
714
714
714
714
714
714
714
736
736
736
736
736
736
736
736
736
736
737
737
737
737
737
737
737
737
737
737
738
738
738
738
738
738
738
738
738
738
739
739
739
739
739
739
739
739
739
740
740
740
740
740
740
740
740
740
741
741
741
741
741
741
741
741
741
742
742
742
742
742
742
742
742
742
743
743
743
743
743
743
743
743
743
744
744
744
744
744
744
744
744
744
765
765
765
765
765
765
765
765
765
765
766
766
766
766
766
766
766
766
766
766
767
767
767
767
767
767
767
767
767
767
768
768
768
768
768
768
768
768
768
769
769
769
769
769
769
769
769
769
770
770
770
770
770
770
770
770
770
771
771
771
771
771
771
771
771
771
772
772
772
772
772
772
772
772
772
773
773
773
773
773
773
773
773
773
794
794
794
794
794
794
794
794
794
794
795
795
795
795
795
795
795
795
795
795
796
796
796
796
796
796
796
796
796
796
797
797
797
797
797
797
797
797
797
797
798
798
798
798
798
798
798
798
798
799
799
799
799
799
799
799
799
799
800
800
800
800
800
800
800
800
800
801
801
801
801
801
801
801
801
801
802
802
802
802
802
802
802
802
802
824
824
824
824
824
824
824
824
824
824
825
825
825
825
825
825
825
825
825
825
826
826
826
826
826
826
826
826
826
826
827
827
827
827
827
827
827
827
828
828
828
828
828
828
828
828
828
829
829
829
829
829
829
829
829
829
830
830
830
830
830
830
830
830
830
831
831
831
831
831
831
831
831
831
832
832
832
832
832
832
832
832
832
853
853
853
853
853
853
853
853
853
853
854
854
854
854
854
854
854
854
854
854
855
855
855
855
855
855
855
855
855
855
856
856
856
856
856
856
856
856
856
857
857
857
857
857
857
857
857
857
858
858
858
858
858
858
858
858
858
859
859
859
859
859
859
859
859
859
860
860
860
860
860
860
860
860
860
861
861
861
861
861
861
861
861
861
883
883
883
883
883
883
883
883
883
883
884
884
884
884
884
884
884
884
884
884
885
885
885
885
885
885
885
885
885
885
886
886
886
886
886
886
886
886
886
887
887
887
887
887
887
887
887
887
888
888
888
888
888
888
888
888
888
889
889
889
889
889
889
889
889
889
890
890
890
890
890
890
890
890
890
891
891
891
891
891
891
891
891
891
912
912
912
912
912
912
912
912
912
912
913
913
913
913
913
913
913
913
913
913
914
914
914
914
914
914
914
914
914
914
915
915
915
915
915
915
915
915
915
916
916
916
916
916
916
916
916
916
917
917
917
917
917
917
917
917
917
918
918
918
918
918
918
918
918
918
919
919
919
919
919
919
919
919
919
920
920
920
920
920
920
920
920
920
941
941
941
941
941
941
941
941
941
941
942
942
942
942
942
942
942
942
942
942
943
943
943
943
943
943
943
943
943
943
944
944
944
944
944
944
944
944
944
944
945
945
945
945
945
945
945
945
945
946
946
946
946
946
946
946
946
946
947
947
947
947
947
947
947
947
947
948
948
948
948
948
948
948
948
948
949
949
949
949
949
949
949
949
949
971
971
971
971
971
971
971
971
971
971
972
972
972
972
972
972
972
972
972
972
973
973
973
973
973
973
973
973
973
973
974
974
974
974
974
974
974
974
975
975
975
975
975
975
975
975
975
976
976
976
976
976
976
976
976
976
977
977
977
977
977
977
977
977
977
978
978
978
978
978
978
978
978
978
979
979
979
979
979
979
979
979
979
1000
1000
1000
1000
1000
1000
1000
1000
1000
1000
1001
1001
1001
1001
1001
1001
1001
1001
1001
1001
1002
1002
1002
1002
1002
1002
1002
1002
1002
1002
1003
1003
1003
1003
1003
1003
1003
1003
1003
1004
1004
1004
1004
1004
1004
1004
1004
1004
1005
1005
1005
1005
1005
1005
1005
1005
1005
1006
1006
1006
1006
1006
1006
1006
1006
1006
1007
1007
1007
1007
1007
1007
1007
1007
1007
1008
1008
1008
1008
1008
1008
1008
1008
1008
1030
1030
1030
1030
1030
1030
1030
1030
1030
1030
1031
1031
1031
1031
1031
1031
1031
1031
1031
1031
1032
1032
1032
1032
1032
1032
1032
1032
1032
1032
1033
1033
1033
1033
1033
1033
1033
1033
1033
1034
1034
1034
1034
1034
1034
1034
1034
1034
1035
1035
1035
1035
1035
1035
1035
1035
1035
1036
1036
1036
1036
1036
1036
1036
1036
1036
1037
1037
1037
1037
1037
1037
1037
1037
1037
1038
1038
1038
1038
1038
1038
1038
1038
1038
1059
1059
1059
1059
1059
1059
1059
1059
1059
1059
1060
1060
1060
1060
1060
1060
1060
1060
1060
1060
1061
1061
1061
1061
1061
1061
1061
1061
1061
1061
1062
1062
1062
1062
1062
1062
1062
1062
1062
1063
1063
1063
1063
1063
1063
1063
1063
1063
1064
1064
1064
1064
1064
1064
1064
1064
1064
1065
1065
1065
1065
1065
1065
1065
1065
1065
1066
1066
1066
1066
1066
1066
1066
1066
1066
1067
1067
1067
1067
1067
1067
1067
1067
1067
1088
1088
1088
1088
1088
1088
1088
1088
1088
1088
1089
1089
1089
1089
1089
1089
1089
1089
1089
1089
1090
1090
1090
1090
1090
1090
1090
1090
1090
1090
1091
1091
1091
1091
1091
1091
1091
1091
1091
1091
1092
1092
1092
1092
1092
1092
1092
1092
1092
1093
1093
1093
1093
1093
1093
1093
1093
1093
1094
1094
1094
1094
1094
1094
1094
1094
1094
1095
1095
1095
1095
1095
1095
1095
1095
1095
1096
1096
1096
1096
1096
1096
1096
1096
1096
1118
1118
1118
1118
1118
1118
1118
1118
1118
1118
1119
1119
1119
1119
1119
1119
1119
1119
1119
1119
1120
1120
1120
1120
1120
1120
1120
1120
1120
1120
1121
1121
1121
1121
1121
1121
1121
1121
1122
1122
1122
1122
1122
1122
1122
1122
1122
1123
1123
1123
1123
1123
1123
1123
1123
1123
1124
1124
1124
1124
1124
1124
1124
1124
1124
1125
1125
1125
1125
1125
1125
1125
1125
1125
1126
1126
1126
1126
1126
1126
1126
1126
1126
1147
1147
1147
1147
1147
1147
1147
1147
1147
1147
1148
1148
1148
1148
1148
1148
1148
1148
1148
1148
1149
1149
1149
1149
1149
1149
1149
1149
1149
1149
1150
1150
1150
1150
1150
1150
1150
1150
1150
1151
1151
1151
1151
1151
1151
1151
1151
1151
1152
1152
1152
1152
1152
1152
1152
1152
1152
1153
1153
1153
1153
1153
1153
1153
1153
1153
1154
1154
1154
1154
1154
1154
1154
1154
1154
1155
1155
1155
1155
1155
1155
1155
1155
1155
1177
1177
1177
1177
1177
1177
1177
1177
1177
1177
1178
1178
1178
1178
1178
1178
1178
1178
1178
1178
1179
1179
1179
1179
1179
1179
1179
1179
1179
1179
1180
1180
1180
1180
1180
1180
1180
1180
1180
1181
1181
1181
1181
1181
1181
1181
1181
1181
1182
1182
1182
1182
1182
1182
1182
1182
1182
1183
1183
1183
1183
1183
1183
1183
1183
1183
1184
1184
1184
1184
1184
1184
1184
1184
1184
1185
1185
1185
1185
1185
1185
1185
1185
1185
1206
1206
1206
1206
1206
1206
1206
1206
1206
1206
1207
1207
1207
1207
1207
1207
1207
1207
1207
1207
1208
1208
1208
1208
1208
1208
1208
1208
1208
1208
1209
1209
1209
1209
1209
1209
1209
1209
1209
1210
1210
1210
1210
1210
1210
1210
1210
1210
1211
1211
1211
1211
1211
1211
1211
1211
1211
1212
1212
1212
1212
1212
1212
1212
1212
1212
1213
1213
1213
1213
1213
1213
1213
1213
1213
1214
1214
1214
1214
1214
1214
1214
1214
1214
1235
1235
1235
1235
1235
1235
1235
1235
1235
1235
1236
1236
1236
1236
1236
1236
1236
1236
1236
1236
1237
1237
1237
1237
1237
1237
1237
1237
1237
1237
1238
1238
1238
1238
1238
1238
1238
1238
1238
1238
1239
1239
1239
1239
1239
1239
1239
1239
1239
1240
1240
1240
1240
1240
1240
1240
1240
1240
1241
1241
1241
1241
1241
1241
1241
1241
1241
1242
1242
1242
1242
1242
1242
1242
1242
1242
1243
1243
1243
1243
1243
1243
1243
1243
1243
1265
1265
1265
1265
1265
1265
1265
1265
1265
1265
1266
1266
1266
1266
1266
1266
1266
1266
1266
1266
1267
1267
1267
1267
1267
1267
1267
1267
1267
1267
1268
1268
1268
1268
1268
1268
1268
1268
1269
1269
1269
1269
1269
1269
1269
1269
1269
1270
1270
1270
1270
1270
1270
1270
1270
1270
1271
1271
1271
1271
1271
1271
1271
1271
1271
1272
1272
1272
1272
1272
1272
1272
1272
1272
1273
1273
1273
1273
1273
1273
1273
1273
1273
1294
1294
1294
1294
1294
1294
1294
1294
1294
1294
1295
1295
1295
1295
1295
1295
1295
1295
1295
1295
1296
1296
1296
1296
1296
1296
1296
1296
1296
1296
1297
1297
1297
1297
1297
1297
1297
1297
1297
1298
1298
1298
1298
1298
1298
1298
1298
1298
1299
1299
1299
1299
1299
1299
1299
1299
1299
1300
1300
1300
1300
1300
1300
1300
1300
1300
1301
1301
1301
1301
1301
1301
1301
1301
1301
1302
1302
1302
1302
1302
1302
1302
1302
1302
1324
1324
1324
1324
1324
1324
1324
1324
1324
1324
1325
1325
1325
1325
1325
1325
1325
1325
1325
1325
1326
1326
1326
1326
1326
1326
1326
1326
1326
1326
1327
1327
1327
1327
1327
1327
1327
1327
1327
1328
1328
1328
1328
1328
1328
1328
1328
1328
1329
1329
1329
1329
1329
1329
1329
1329
1329
1330
1330
1330
1330
1330
1330
1330
1330
1330
1331
1331
1331
1331
1331
1331
1331
1331
1331
1332
1332
1332
1332
1332
1332
1332
1332
1332
1353
1353
1353
1353
1353
1353
1353
1353
1353
1353
1354
1354
1354
1354
1354
1354
1354
1354
1354
1354
1355
1355
1355
1355
1355
1355
1355
1355
1355
1355
1356
1356
1356
1356
1356
1356
1356
1356
1356
1357
1357
1357
1357
1357
1357
1357
1357
1357
1358
1358
1358
1358
1358
1358
1358
1358
1358
1359
1359
1359
1359
1359
1359
1359
1359
1359
1360
1360
1360
1360
1360
1360
1360
1360
1360
1361
1361
1361
1361
1361
1361
1361
1361
1361
1382
1382
1382
1382
1382
1382
1382
1382
1382
1382
1383
1383
1383
1383
1383
1383
1383
1383
1383
1383
1384
1384
1384
1384
1384
1384
1384
1384
1384
1384
1385
1385
1385
1385
1385
1385
1385
1385
1385
1385
1386
1386
1386
1386
1386
1386
1386
1386
1386
1387
1387
1387
1387
1387
1387
1387
1387
1387
1388
1388
1388
1388
1388
1388
1388
1388
1388
1389
1389
1389
1389
1389
1389
1389
1389
1389
1390
1390
1390
1390
1390
1390
1390
1390
1390
1412
1412
1412
1412
1412
1412
1412
1412
1412
1412
1413
1413
1413
1413
1413
1413
1413
1413
1413
1413
1414
1414
1414
1414
1414
1414
1414
1414
1414
1414
1415
1415
1415
1415
1415
1415
1415
1415
1416
1416
1416
1416
1416
1416
1416
1416
1416
1417
1417
1417
1417
1417
1417
1417
1417
1417
1418
1418
1418
1418
1418
1418
1418
1418
1418
1419
1419
1419
1419
1419
1419
1419
1419
1419
1420
1420
1420
1420
1420
1420
1420
1420
1420
1441
1441
1441
1441
1441
1441
1441
1441
1441
1441
1442
1442
1442
1442
1442
1442
1442
1442
1442
1442
1443
1443
1443
1443
1443
1443
1443
1443
1443
1443
1444
1444
1444
1444
1444
1444
1444
1444
1444
1445
1445
1445
1445
1445
1445
1445
1445
1445
1446
1446
1446
1446
1446
1446
1446
1446
1446
1447
1447
1447
1447
1447
1447
1447
1447
1447
1448
1448
1448
1448
1448
1448
1448
1448
1448
1449
1449
1449
1449
1449
1449
1449
1449
1449
1471
1471
1471
1471
1471
1471
1471
1471
1471
1471
1472
1472
1472
1472
1472
1472
1472
1472
1472
1472
1473
1473
1473
1473
1473
1473
1473
1473
1473
1473
1474
1474
1474
1474
1474
1474
1474
1474
1474
1475
1475
1475
1475
1475
1475
1475
1475
1475
1476
1476
1476
1476
1476
1476
1476
1476
1476
1477
1477
1477
1477
1477
1477
1477
1477
1477
1478
1478
1478
1478
1478
1478
1478
1478
1478
1479
1479
1479
1479
1479
1479
1479
1479
1479
1500
1500
1500
1500
1500
1500
1500
1500
1500
1500
1501
1501
1501
1501
1501
1501
1501
1501
1501
1501
1502
1502
1502
1502
1502
1502
1502
1502
1502
1502
1503
1503
1503
1503
1503
1503
1503
1503
1503
1504
1504
1504
1504
1504
1504
1504
1504
1504
1505
1505
1505
1505
1505
1505
1505
1505
1505
1506
1506
1506
1506
1506
1506
1506
1506
1506
1507
1507
1507
1507
1507
1507
1507
1507
1507
1508
1508
1508
1508
1508
1508
1508
1508
1508
1529
1529
1529
1529
1529
1529
1529
1529
1529
1529
1530
1530
1530
1530
1530
1530
1530
1530
1530
1530
1531
1531
1531
1531
1531
1531
1531
1531
1531
1531
1532
1532
1532
1532
1532
1532
1532
1532
1532
1532
1533
1533
1533
1533
1533
1533
1533
1533
1533
1534
1534
1534
1534
1534
1534
1534
1534
1534
1535
1535
1535
1535
1535
1535
1535
1535
1535
1536
1536
1536
1536
1536
1536
1536
1536
1536
1537
1537
1537
1537
1537
1537
1537
1537
1537
1559
1559
1559
1559
1559
1559
1559
1559
1559
1559
1560
1560
1560
1560
1560
1560
1560
1560
1560
1560
1561
1561
1561
1561
1561
1561
1561
1561
1561
1561
1562
1562
1562
1562
1562
1562
1562
1562
1563
1563
1563
1563
1563
1563
1563
1563
1563
1564
1564
1564
1564
1564
1564
1564
1564
1564
1565
1565
1565
1565
1565
1565
1565
1565
1565
1566
1566
1566
1566
1566
1566
1566
1566
1566
1567
1567
1567
1567
1567
1567
1567
1567
1567
1588
1588
1588
1588
1588
1588
1588
1588
1588
1588
1589
1589
1589
1589
1589
1589
1589
1589
1589
1589
1590
1590
1590
1590
1590
1590
1590
1590
1590
1590
1591
1591
1591
1591
1591
1591
1591
1591
1591
1592
1592
1592
1592
1592
1592
1592
1592
1592
1593
1593
1593
1593
1593
1593
1593
1593
1593
1594
1594
1594
1594
1594
1594
1594
1594
1594
1595
1595
1595
1595
1595
1595
1595
1595
1595
1596
1596
1596
1596
1596
1596
1596
1596
1596
1618
1618
1618
1618
1618
1618
1618
1618
1618
1618
1619
1619
1619
1619
1619
1619
1619
1619
1619
1619
1620
1620
1620
1620
1620
1620
1620
1620
1620
1620
1621
1621
1621
1621
1621
1621
1621
1621
1621
1622
1622
1622
1622
1622
1622
1622
1622
1622
1623
1623
1623
1623
1623
1623
1623
1623
1623
1624
1624
1624
1624
1624
1624
1624
1624
1624
1625
1625
1625
1625
1625
1625
1625
1625
1625
1626
1626
1626
1626
1626
1626
1626
1626
1626
1647
1647
1647
1647
1647
1647
1647
1647
1647
1647
1648
1648
1648
1648
1648
1648
1648
1648
1648
1648
1649
1649
1649
1649
1649
1649
1649
1649
1649
1649
1650
1650
1650
1650
1650
1650
1650
1650
1650
1651
1651
1651
1651
1651
1651
1651
1651
1651
1652
1652
1652
1652
1652
1652
1652
1652
1652
1653
1653
1653
1653
1653
1653
1653
1653
1653
1654
1654
1654
1654
1654
1654
1654
1654
1654
1655
1655
1655
1655
1655
1655
1655
1655
1655
1676
1676
1676
1676
1676
1676
1676
1676
1676
1676
1677
1677
1677
1677
1677
1677
1677
1677
1677
1677
1678
1678
1678
1678
1678
1678
1678
1678
1678
1678
1679
1679
1679
1679
1679
1679
1679
1679
1679
1679
1680
1680
1680
1680
1680
1680
1680
1680
1680
1681
1681
1681
1681
1681
1681
1681
1681
1681
1682
1682
1682
1682
1682
1682
1682
1682
1682
1683
1683
1683
1683
1683
1683
1683
1683
1683
1684
1684
1684
1684
1684
1684
1684
1684
1684
1706
1706
1706
1706
1706
1706
1706
1706
1706
1706
1707
1707
1707
1707
1707
1707
1707
1707
1707
1707
1708
1708
1708
1708
1708
1708
1708
1708
1708
1708
1709
1709
1709
1709
1709
1709
1709
1709
1710
1710
1710
1710
1710
1710
1710
1710
1710
1711
1711
1711
1711
1711
1711
1711
1711
1711
1712
1712
1712
1712
1712
1712
1712
1712
1712
1713
1713
1713
1713
1713
1713
1713
1713
1713
1714
1714
1714
1714
1714
1714
1714
1714
1714
1735
1735
1735
1735
1735
1735
1735
1735
1735
1735
1736
1736
1736
1736
1736
1736
1736
1736
1736
1736
1737
1737
1737
1737
1737
1737
1737
1737
1737
1737
1738
1738
1738
1738
1738
1738
1738
1738
1738
1739
1739
1739
1739
1739
1739
1739
1739
1739
1740
1740
1740
1740
1740
1740
1740
1740
1740
1741
1741
1741
1741
1741
1741
1741
1741
1741
1742
1742
1742
1742
1742
1742
1742
1742
1742
1743
1743
1743
1743
1743
1743
1743
1743
1743
1765
1765
1765
1765
1765
1765
1765
1765
1765
1765
1766
1766
1766
1766
1766
1766
1766
1766
1766
1766
1767
1767
1767
1767
1767
1767
1767
1767
1767
1767
1768
1768
1768
1768
1768
1768
1768
1768
1768
1769
1769
1769
1769
1769
1769
1769
1769
1769
1770
1770
1770
1770
1770
1770
1770
1770
1770
1771
1771
1771
1771
1771
1771
1771
1771
1771
1772
1772
1772
1772
1772
1772
1772
1772
1772
1773
1773
1773
1773
1773
1773
1773
1773
1773
1794
1794
1794
1794
1794
1794
1794
1794
1794
1794
1795
1795
1795
1795
1795
1795
1795
1795
1795
1795
1796
1796
1796
1796
1796
1796
1796
1796
1796
1796
1797
1797
1797
1797
1797
1797
1797
1797
1797
1798
1798
1798
1798
1798
1798
1798
1798
1798
1799
1799
1799
1799
1799
1799
1799
1799
1799
1800
1800
1800
1800
1800
1800
1800
1800
1800
1801
1801
1801
1801
1801
1801
1801
1801
1801
1802
1802
1802
1802
1802
1802
1802
1802
1802
1823
1823
1823
1823
1823
1823
1823
1823
1823
1823
1824
1824
1824
1824
1824
1824
1824
1824
1824
1824
1825
1825
1825
1825
1825
1825
1825
1825
1825
1825
1826
1826
1826
1826
1826
1826
1826
1826
1826
1826
1827
1827
1827
1827
1827
1827
1827
1827
1827
1828
1828
1828
1828
1828
1828
1828
1828
1828
1829
1829
1829
1829
1829
1829
1829
1829
1829
1830
1830
1830
1830
1830
1830
1830
1830
1830
1831
1831
1831
1831
1831
1831
1831
1831
1831
1853
1853
1853
1853
1853
1853
1853
1853
1853
1853
1854
1854
1854
1854
1854
1854
1854
1854
1854
1854
1855
1855
1855
1855
1855
1855
1855
1855
1855
1855
1856
1856
1856
1856
1856
1856
1856
1856
1857
1857
1857
1857
1857
1857
1857
1857
1857
1858
1858
1858
1858
1858
1858
1858
1858
1858
1859
1859
1859
1859
1859
1859
1859
1859
1859
1860
1860
1860
1860
1860
1860
1860
1860
1860
1861
1861
1861
1861
1861
1861
1861
1861
1861
1882
1882
1882
1882
1882
1882
1882
1882
1882
1882
1883
1883
1883
1883
1883
1883
1883
1883
1883
1883
1884
1884
1884
1884
1884
1884
1884
1884
1884
1884
1885
1885
1885
1885
1885
1885
1885
1885
1885
1886
1886
1886
1886
1886
1886
1886
1886
1886
1887
1887
1887
1887
1887
1887
1887
1887
1887
1888
1888
1888
1888
1888
1888
1888
1888
1888
1889
1889
1889
1889
1889
1889
1889
1889
1889
1890
1890
1890
1890
1890
1890
1890
1890
1890
1912
1912
1912
1912
1912
1912
1912
1912
1912
1912
1913
1913
1913
1913
1913
1913
1913
1913
1913
1913
1914
1914
1914
1914
1914
1914
1914
1914
1914
1914
1915
1915
1915
1915
1915
1915
1915
1915
1915
1916
1916
1916
1916
1916
1916
1916
1916
1916
1917
1917
1917
1917
1917
1917
1917
1917
1917
1918
1918
1918
1918
1918
1918
1918
1918
1918
1919
1919
1919
1919
1919
1919
1919
1919
1919
1920
1920
1920
1920
1920
1920
1920
1920
1920
1941
1941
1941
1941
1941
1941
1941
1941
1941
1941
1942
1942
1942
1942
1942
1942
1942
1942
1942
1942
1943
1943
1943
1943
1943
1943
1943
1943
1943
1943
1944
1944
1944
1944
1944
1944
1944
1944
1944
1945
1945
1945
1945
1945
1945
1945
1945
1945
1946
1946
1946
1946
1946
1946
1946
1946
1946
1947
1947
1947
1947
1947
1947
1947
1947
1947
1948
1948
1948
1948
1948
1948
1948
1948
1948
1949
1949
1949
1949
1949
1949
1949
1949
1949
1970
1970
1970
1970
1970
1970
1970
1970
1970
1970
1971
1971
1971
1971
1971
1971
1971
1971
1971
1971
1972
1972
1972
1972
1972
1972
1972
1972
1972
1972
1973
1973
1973
1973
1973
1973
1973
1973
1973
1973
1974
1974
1974
1974
1974
1974
1974
1974
1974
1975
1975
1975
1975
1975
1975
1975
1975
1975
1976
1976
1976
1976
1976
1976
1976
1976
1976
1977
1977
1977
1977
1977
1977
1977
1977
1977
1978
1978
1978
1978
1978
1978
1978
1978
1978
2000
2000
2000
2000
2000
2000
2000
2000
2000
2000
2001
2001
2001
2001
2001
2001
2001
2001
2001
2001
2002
2002
2002
2002
2002
2002
2002
2002
2002
2002
2003
2003
2003
2003
2003
2003
2003
2003
2004
2004
2004
2004
2004
2004
2004
2004
2004
2005
2005
2005
2005
2005
2005
2005
2005
2005
2006
2006
2006
2006
2006
2006
2006
2006
2006
2007
2007
2007
2007
2007
2007
2007
2007
2007
2008
2008
2008
2008
2008
2008
2008
2008
2008
2029
2029
2029
2029
2029
2029
2029
2029
2029
2029
2030
2030
2030
2030
2030
2030
2030
2030
2030
2030
2031
2031
2031
2031
2031
2031
2031
2031
2031
2031
2032
2032
2032
2032
2032
2032
2032
2032
2032
2033
2033
2033
2033
2033
2033
2033
2033
2033
2034
2034
2034
2034
2034
2034
2034
2034
2034
2035
2035
2035
2035
2035
2035
2035
2035
2035
2036
2036
2036
2036
2036
2036
2036
2036
2036
2037
2037
2037
2037
2037
2037
2037
2037
2037
2059
2059
2059
2059
2059
2059
2059
2059
2059
2059
2060
2060
2060
2060
2060
2060
2060
2060
2060
2060
2061
2061
2061
2061
2061
2061
2061
2061
2061
2061
2062
2062
2062
2062
2062
2062
2062
2062
2062
2063
2063
2063
2063
2063
2063
2063
2063
2063
2064
2064
2064
2064
2064
2064
2064
2064
2064
2065
2065
2065
2065
2065
2065
2065
2065
2065
2066
2066
2066
2066
2066
2066
2066
2066
2066
2067
2067
2067
2067
2067
2067
2067
2067
2067
2088
2088
2088
2088
2088
2088
2088
2088
2088
2088
2089
2089
2089
2089
2089
2089
2089
2089
2089
2089
2090
2090
2090
2090
2090
2090
2090
2090
2090
2090
2091
2091
2091
2091
2091
2091
2091
2091
2091
2092
2092
2092
2092
2092
2092
2092
2092
2092
2093
2093
2093
2093
2093
2093
2093
2093
2093
2094
2094
2094
2094
2094
2094
2094
2094
2094
2095
2095
2095
2095
2095
2095
2095
2095
2095
2096
2096
2096
2096
2096
2096
2096
2096
2096
2117
2117
2117
2117
2117
2117
2117
2117
2117
2117
2118
2118
2118
2118
2118
2118
2118
2118
2118
2118
2119
2119
2119
2119
2119
2119
2119
2119
2119
2119
2120
2120
2120
2120
2120
2120
2120
2120
2120
2120
2121
2121
2121
2121
2121
2121
2121
2121
2121
2122
2122
2122
2122
2122
2122
2122
2122
2122
2123
2123
2123
2123
2123
2123
2123
2123
2123
2124
2124
2124
2124
2124
2124
2124
2124
2124
2125
2125
2125
2125
2125
2125
2125
2125
2125
2147
2147
2147
2147
2147
2147
2147
2147
2147
2147
2148
2148
2148
2148
2148
2148
2148
2148
2148
2148
2149
2149
2149
2149
2149
2149
2149
2149
2149
2149
2150
2150
2150
2150
2150
2150
2150
2150
2151
2151
2151
2151
2151
2151
2151
2151
2151
2152
2152
2152
2152
2152
2152
2152
2152
2152
2153
2153
2153
2153
2153
2153
2153
2153
2153
2154
2154
2154
2154
2154
2154
2154
2154
2154
2155
2155
2155
2155
2155
2155
2155
2155
2155
2176
2176
2176
2176
2176
2176
2176
2176
2176
2176
2177
2177
2177
2177
2177
2177
2177
2177
2177
2177
2178
2178
2178
2178
2178
2178
2178
2178
2178
2178
2179
2179
2179
2179
2179
2179
2179
2179
2179
2180
2180
2180
2180
2180
2180
2180
2180
2180
2181
2181
2181
2181
2181
2181
2181
2181
2181
2182
2182
2182
2182
2182
2182
2182
2182
2182
2183
2183
2183
2183
2183
2183
2183
2183
2183
2184
2184
2184
2184
2184
2184
2184
2184
2184
2206
2206
2206
2206
2206
2206
2206
2206
2206
2206
2207
2207
2207
2207
2207
2207
2207
2207
2207
2207
2208
2208
2208
2208
2208
2208
2208
2208
2208
2208
2209
2209
2209
2209
2209
2209
2209
2209
2209
2210
2210
2210
2210
2210
2210
2210
2210
2210
2211
2211
2211
2211
2211
2211
2211
2211
2211
2212
2212
2212
2212
2212
2212
2212
2212
2212
2213
2213
2213
2213
2213
2213
2213
2213
2213
2214
2214
2214
2214
2214
2214
2214
2214
2214
2235
2235
2235
2235
2235
2235
2235
2235
2235
2235
2236
2236
2236
2236
2236
2236
2236
2236
2236
2236
2237
2237
2237
2237
2237
2237
2237
2237
2237
2237
2238
2238
2238
2238
2238
2238
2238
2238
2238
2239
2239
2239
2239
2239
2239
2239
2239
2239
2240
2240
2240
2240
2240
2240
2240
2240
2240
2241
2241
2241
2241
2241
2241
2241
2241
2241
2242
2242
2242
2242
2242
2242
2242
2242
2242
2243
2243
2243
2243
2243
2243
2243
2243
2243
2264
2264
2264
2264
2264
2264
2264
2264
2264
2264
2265
2265
2265
2265
2265
2265
2265
2265
2265
2265
2266
2266
2266
2266
2266
2266
2266
2266
2266
2266
2267
2267
2267
2267
2267
2267
2267
2267
2267
2267
2268
2268
2268
2268
2268
2268
2268
2268
2268
2269
2269
2269
2269
2269
2269
2269
2269
2269
2270
2270
2270
2270
2270
2270
2270
2270
2270
2271
2271
2271
2271
2271
2271
2271
2271
2271
2272
2272
2272
2272
2272
2272
2272
2272
2272
2294
2294
2294
2294
2294
2294
2294
2294
2294
2294
2295
2295
2295
2295
2295
2295
2295
2295
2295
2295
2296
2296
2296
2296
2296
2296
2296
2296
2296
2296
2297
2297
2297
2297
2297
2297
2297
2297
2298
2298
2298
2298
2298
2298
2298
2298
2298
2299
2299
2299
2299
2299
2299
2299
2299
2299
2300
2300
2300
2300
2300
2300
2300
2300
2300
2301
2301
2301
2301
2301
2301
2301
2301
2301
2302
2302
2302
2302
2302
2302
2302
2302
2302
2323
2323
2323
2323
2323
2323
2323
2323
2323
2323
2324
2324
2324
2324
2324
2324
2324
2324
2324
2324
2325
2325
2325
2325
2325
2325
2325
2325
2325
2325
2326
2326
2326
2326
2326
2326
2326
2326
2326
2327
2327
2327
2327
2327
2327
2327
2327
2327
2328
2328
2328
2328
2328
2328
2328
2328
2328
2329
2329
2329
2329
2329
2329
2329
2329
2329
2330
2330
2330
2330
2330
2330
2330
2330
2330
2331
2331
2331
2331
2331
2331
2331
2331
2331
2353
2353
2353
2353
2353
2353
2353
2353
2353
2353
2354
2354
2354
2354
2354
2354
2354
2354
2354
2354
2355
2355
2355
2355
2355
2355
2355
2355
2355
2355
2356
2356
2356
2356
2356
2356
2356
2356
2356
2357
2357
2357
2357
2357
2357
2357
2357
2357
2358
2358
2358
2358
2358
2358
2358
2358
2358
2359
2359
2359
2359
2359
2359
2359
2359
2359
2360
2360
2360
2360
2360
2360
2360
2360
2360
2361
2361
2361
2361
2361
2361
2361
2361
2361
2382
2382
2382
2382
2382
2382
2382
2382
2382
2382
2383
2383
2383
2383
2383
2383
2383
2383
2383
2383
2384
2384
2384
2384
2384
2384
2384
2384
2384
2384
2385
2385
2385
2385
2385
2385
2385
2385
2385
2386
2386
2386
2386
2386
2386
2386
2386
2386
2387
2387
2387
2387
2387
2387
2387
2387
2387
2388
2388
2388
2388
2388
2388
2388
2388
2388
2389
2389
2389
2389
2389
2389
2389
2389
2389
2390
2390
2390
2390
2390
2390
2390
2390
2390
2411
2411
2411
2411
2411
2411
2411
2411
2411
2411
2412
2412
2412
2412
2412
2412
2412
2412
2412
2412
2413
2413
2413
2413
2413
2413
2413
2413
2413
2413
2414
2414
2414
2414
2414
2414
2414
2414
2414
2414
2415
2415
2415
2415
2415
2415
2415
2415
2415
2416
2416
2416
2416
2416
2416
2416
2416
2416
2417
2417
2417
2417
2417
2417
2417
2417
2417
2418
2418
2418
2418
2418
2418
2418
2418
2418
2419
2419
2419
2419
2419
2419
2419
2419
2419
2441
2441
2441
2441
2441
2441
2441
2441
2441
2441
2442
2442
2442
2442
2442
2442
2442
2442
2442
2442
2443
2443
2443
2443
2443
2443
2443
2443
2443
2443
2444
2444
2444
2444
2444
2444
2444
2444
2445
2445
2445
2445
2445
2445
2445
2445
2445
2446
2446
2446
2446
2446
2446
2446
2446
2446
2447
2447
2447
2447
2447
2447
2447
2447
2447
2448
2448
2448
2448
2448
2448
2448
2448
2448
2449
2449
2449
2449
2449
2449
2449
2449
2449
2470
2470
2470
2470
2470
2470
2470
2470
2470
2470
2471
2471
2471
2471
2471
2471
2471
2471
2471
2471
2472
2472
2472
2472
2472
2472
2472
2472
2472
2472
2473
2473
2473
2473
2473
2473
2473
2473
2473
2474
2474
2474
2474
2474
2474
2474
2474
2474
2475
2475
2475
2475
2475
2475
2475
2475
2475
2476
2476
2476
2476
2476
2476
2476
2476
2476
2477
2477
2477
2477
2477
2477
2477
2477
2477
2478
2478
2478
2478
2478
2478
2478
2478
2478
2500
2500
2500
2500
2500
2500
2500
2500
2500
2500
2501
2501
2501
2501
2501
2501
2501
2501
2501
2501
2502
2502
2502
2502
2502
2502
2502
2502
2502
2502
2503
2503
2503
2503
2503
2503
2503
2503
2503
2504
2504
2504
2504
2504
2504
2504
2504
2504
2505
2505
2505
2505
2505
2505
2505
2505
2505
2506
2506
2506
2506
2506
2506
2506
2506
2506
2507
2507
2507
2507
2507
2507
2507
2507
2507
2508
2508
2508
2508
2508
2508
2508
2508
2508
2529
2529
2529
2529
2529
2529
2529
2529
2529
2529
2530
2530
2530
2530
2530
2530
2530
2530
2530
2530
2531
2531
2531
2531
2531
2531
2531
2531
2531
2531
2532
2532
2532
2532
2532
2532
2532
2532
2532
2533
2533
2533
2533
2533
2533
2533
2533
2533
2534
2534
2534
2534
2534
2534
2534
2534
2534
2535
2535
2535
2535
2535
2535
2535
2535
2535
2536
2536
2536
2536
2536
2536
2536
2536
2536
2537
2537
2537
2537
2537
2537
2537
2537
2537
2558
2558
2558
2558
2558
2558
2558
2558
2558
2558
2559
2559
2559
2559
2559
2559
2559
2559
2559
2559
2560
2560
2560
2560
2560
2560
2560
2560
2560
2560
2561
2561
2561
2561
2561
2561
2561
2561
2561
2561
2562
2562
2562
2562
2562
2562
2562
2562
2562
2563
2563
2563
2563
2563
2563
2563
2563
2563
2564
2564
2564
2564
2564
2564
2564
2564
2564
2565
2565
2565
2565
2565
2565
2565
2565
2565
2566
2566
2566
2566
2566
2566
2566
2566
2566
2588
2588
2588
2588
2588
2588
2588
2588
2588
2588
2589
2589
2589
2589
2589
2589
2589
2589
2589
2589
2590
2590
2590
2590
2590
2590
2590
2590
2590
2590
2591
2591
2591
2591
2591
2591
2591
2591
2592
2592
2592
2592
2592
2592
2592
2592
2592
2593
2593
2593
2593
2593
2593
2593
2593
2593
2594
2594
2594
2594
2594
2594
2594
2594
2594
2595
2595
2595
2595
2595
2595
2595
2595
2595
2596
2596
2596
2596
2596
2596
2596
2596
2596
2617
2617
2617
2617
2617
2617
2617
2617
2617
2617
2618
2618
2618
2618
2618
2618
2618
2618
2618
2618
2619
2619
2619
2619
2619
2619
2619
2619
2619
2619
2620
2620
2620
2620
2620
2620
2620
2620
2620
2621
2621
2621
2621
2621
2621
2621
2621
2621
2622
2622
2622
2622
2622
2622
2622
2622
2622
2623
2623
2623
2623
2623
2623
2623
2623
2623
2624
2624
2624
2624
2624
2624
2624
2624
2624
2625
2625
2625
2625
2625
2625
2625
2625
2625
2647
2647
2647
2647
2647
2647
2647
2647
2647
2647
2648
2648
2648
2648
2648
2648
2648
2648
2648
2648
2649
2649
2649
2649
2649
2649
2649
2649
2649
2649
2650
2650
2650
2650
2650
2650
2650
2650
2650
2651
2651
2651
2651
2651
2651
2651
2651
2651
2652
2652
2652
2652
2652
2652
2652
2652
2652
2653
2653
2653
2653
2653
2653
2653
2653
2653
2654
2654
2654
2654
2654
2654
2654
2654
2654
2655
2655
2655
2655
2655
2655
2655
2655
2655
2676
2676
2676
2676
2676
2676
2676
2676
2676
2676
2677
2677
2677
2677
2677
2677
2677
2677
2677
2677
2678
2678
2678
2678
2678
2678
2678
2678
2678
2678
2679
2679
2679
2679
2679
2679
2679
2679
2679
2680
2680
2680
2680
2680
2680
2680
2680
2680
2681
2681
2681
2681
2681
2681
2681
2681
2681
2682
2682
2682
2682
2682
2682
2682
2682
2682
2683
2683
2683
2683
2683
2683
2683
2683
2683
2684
2684
2684
2684
2684
2684
2684
2684
2684
2705
2705
2705
2705
2705
2705
2705
2705
2705
2705
2706
2706
2706
2706
2706
2706
2706
2706
2706
2706
2707
2707
2707
2707
2707
2707
2707
2707
2707
2707
2708
2708
2708
2708
2708
2708
2708
2708
2708
2708
2709
2709
2709
2709
2709
2709
2709
2709
2709
2710
2710
2710
2710
2710
2710
2710
2710
2710
2711
2711
2711
2711
2711
2711
2711
2711
2711
2712
2712
2712
2712
2712
2712
2712
2712
2712
2713
2713
2713
2713
2713
2713
2713
2713
2713
2735
2735
2735
2735
2735
2735
2735
2735
2735
2735
2736
2736
2736
2736
2736
2736
2736
2736
2736
2736
2737
2737
2737
2737
2737
2737
2737
2737
2737
2737
2738
2738
2738
2738
2738
2738
2738
2738
2739
2739
2739
2739
2739
2739
2739
2739
2739
2740
2740
2740
2740
2740
2740
2740
2740
2740
2741
2741
2741
2741
2741
2741
2741
2741
2741
2742
2742
2742
2742
2742
2742
2742
2742
2742
2743
2743
2743
2743
2743
2743
2743
2743
2743
2764
2764
2764
2764
2764
2764
2764
2764
2764
2764
2765
2765
2765
2765
2765
2765
2765
2765
2765
2765
2766
2766
2766
2766
2766
2766
2766
2766
2766
2766
2767
2767
2767
2767
2767
2767
2767
2767
2767
2768
2768
2768
2768
2768
2768
2768
2768
2768
2769
2769
2769
2769
2769
2769
2769
2769
2769
2770
2770
2770
2770
2770
2770
2770
2770
2770
2771
2771
2771
2771
2771
2771
2771
2771
2771
2772
2772
2772
2772
2772
2772
2772
2772
2772
2794
2794
2794
2794
2794
2794
2794
2794
2794
2794
2795
2795
2795
2795
2795
2795
2795
2795
2795
2795
2796
2796
2796
2796
2796
2796
2796
2796
2796
2796
2797
2797
2797
2797
2797
2797
2797
2797
2797
2798
2798
2798
2798
2798
2798
2798
2798
2798
2799
2799
2799
2799
2799
2799
2799
2799
2799
2800
2800
2800
2800
2800
2800
2800
2800
2800
2801
2801
2801
2801
2801
2801
2801
2801
2801
2802
2802
2802
2802
2802
2802
2802
2802
2802
2823
2823
2823
2823
2823
2823
2823
2823
2823
2823
2824
2824
2824
2824
2824
2824
2824
2824
2824
2824
2825
2825
2825
2825
2825
2825
2825
2825
2825
2825
2826
2826
2826
2826
2826
2826
2826
2826
2826
2827
2827
2827
2827
2827
2827
2827
2827
2827
2828
2828
2828
2828
2828
2828
2828
2828
2828
2829
2829
2829
2829
2829
2829
2829
2829
2829
2830
2830
2830
2830
2830
2830
2830
2830
2830
2831
2831
2831
2831
2831
2831
2831
2831
2831
2852
2852
2852
2852
2852
2852
2852
2852
2852
2852
2853
2853
2853
2853
2853
2853
2853
2853
2853
2853
2854
2854
2854
2854
2854
2854
2854
2854
2854
2854
2855
2855
2855
2855
2855
2855
2855
2855
2855
2855
2856
2856
2856
2856
2856
2856
2856
2856
2856
2857
2857
2857
2857
2857
2857
2857
2857
2857
2858
2858
2858
2858
2858
2858
2858
2858
2858
2859
2859
2859
2859
2859
2859
2859
2859
2859
2860
2860
2860
2860
2860
2860
2860
2860
2860
2882
2882
2882
2882
2882
2882
2882
2882
2882
2882
2883
2883
2883
2883
2883
2883
2883
2883
2883
2883
2884
2884
2884
2884
2884
2884
2884
2884
2884
2884
2885
2885
2885
2885
2885
2885
2885
2885
2886
2886
2886
2886
2886
2886
2886
2886
2886
2887
2887
2887
2887
2887
2887
2887
2887
2887
2888
2888
2888
2888
2888
2888
2888
2888
2888
2889
2889
2889
2889
2889
2889
2889
2889
2889
2890
2890
2890
2890
2890
2890
2890
2890
2890
2911
2911
2911
2911
2911
2911
2911
2911
2911
2911
2912
2912
2912
2912
2912
2912
2912
2912
2912
2912
2913
2913
2913
2913
2913
2913
2913
2913
2913
2913
2914
2914
2914
2914
2914
2914
2914
2914
2914
2915
2915
2915
2915
2915
2915
2915
2915
2915
2916
2916
2916
2916
2916
2916
2916
2916
2916
2917
2917
2917
2917
2917
2917
2917
2917
2917
2918
2918
2918
2918
2918
2918
2918
2918
2918
2919
2919
2919
2919
2919
2919
2919
2919
2919
2941
2941
2941
2941
2941
2941
2941
2941
2941
2941
2942
2942
2942
2942
2942
2942
2942
2942
2942
2942
2943
2943
2943
2943
2943
2943
2943
2943
2943
2943
2944
2944
2944
2944
2944
2944
2944
2944
2944
2945
2945
2945
2945
2945
2945
2945
2945
2945
2946
2946
2946
2946
2946
2946
2946
2946
2946
2947
2947
2947
2947
2947
2947
2947
2947
2947
2948
2948
2948
2948
2948
2948
2948
2948
2948
2949
2949
2949
2949
2949
2949
2949
2949
2949
2970
2970
2970
2970
2970
2970
2970
2970
2970
2970
2971
2971
2971
2971
2971
2971
2971
2971
2971
2971
2972
2972
2972
2972
2972
2972
2972
2972
2972
2972
2973
2973
2973
2973
2973
2973
2973
2973
2973
2974
2974
2974
2974
2974
2974
2974
2974
2974
2975
2975
2975
2975
2975
2975
2975
2975
2975
2976
2976
2976
2976
2976
2976
2976
2976
2976
2977
2977
2977
2977
2977
2977
2977
2977
2977
2978
2978
2978
2978
2978
2978
2978
2978
2978
2999
2999
2999
2999
2999
2999
2999
2999
2999
2999
3000
3000
3000
3000
3000
3000
3000
3000
3000
3000
3001
3001
3001
3001
3001
3001
3001
3001
3001
3001
3002
3002
3002
3002
3002
3002
3002
3002
3002
3002
3003
3003
3003
3003
3003
3003
3003
3003
3003
3004
3004
3004
3004
3004
3004
3004
3004
3004
3005
3005
3005
3005
3005
3005
3005
3005
3005
3006
3006
3006
3006
3006
3006
3006
3006
3006
3007
3007
3007
3007
3007
3007
3007
3007
3007
3029
3029
3029
3029
3029
3029
3029
3029
3029
3029
3030
3030
3030
3030
3030
3030
3030
3030
3030
3030
3031
3031
3031
3031
3031
3031
3031
3031
3031
3031
3032
3032
3032
3032
3032
3032
3032
3032
3033
3033
3033
3033
3033
3033
3033
3033
3033
3034
3034
3034
3034
3034
3034
3034
3034
3034
3035
3035
3035
3035
3035
3035
3035
3035
3035
3036
3036
3036
3036
3036
3036
3036
3036
3036
3037
3037
3037
3037
3037
3037
3037
3037
3037
3058
3058
3058
3058
3058
3058
3058
3058
3058
3058
3059
3059
3059
3059
3059
3059
3059
3059
3059
3059
3060
3060
3060
3060
3060
3060
3060
3060
3060
3060
3061
3061
3061
3061
3061
3061
3061
3061
3061
3062
3062
3062
3062
3062
3062
3062
3062
3062
3063
3063
3063
3063
3063
3063
3063
3063
3063
3064
3064
3064
3064
3064
3064
3064
3064
3064
3065
3065
3065
3065
3065
3065
3065
3065
3065
3066
3066
3066
3066
3066
3066
3066
3066
3066
3088
3088
3088
3088
3088
3088
3088
3088
3088
3088
3089
3089
3089
3089
3089
3089
3089
3089
3089
3089
3090
3090
3090
3090
3090
3090
3090
3090
3090
3090
3091
3091
3091
3091
3091
3091
3091
3091
3091
3092
3092
3092
3092
3092
3092
3092
3092
3092
3093
3093
3093
3093
3093
3093
3093
3093
3093
3094
3094
3094
3094
3094
3094
3094
3094
3094
3095
3095
3095
3095
3095
3095
3095
3095
3095
3096
3096
3096
3096
3096
3096
3096
3096
3096
3117
3117
3117
3117
3117
3117
3117
3117
3117
3117
3118
3118
3118
3118
3118
3118
3118
3118
3118
3118
3119
3119
3119
3119
3119
3119
3119
3119
3119
3119
3120
3120
3120
3120
3120
3120
3120
3120
3120
3121
3121
3121
3121
3121
3121
3121
3121
3121
3122
3122
3122
3122
3122
3122
3122
3122
3122
3123
3123
3123
3123
3123
3123
3123
3123
3123
3124
3124
3124
3124
3124
3124
3124
3124
3124
3125
3125
3125
3125
3125
3125
3125
3125
3125
3146
3146
3146
3146
3146
3146
3146
3146
3146
3146
3147
3147
3147
3147
3147
3147
3147
3147
3147
3147
3148
3148
3148
3148
3148
3148
3148
3148
3148
3148
3149
3149
3149
3149
3149
3149
3149
3149
3149
3149
3150
3150
3150
3150
3150
3150
3150
3150
3150
3151
3151
3151
3151
3151
3151
3151
3151
3151
3152
3152
3152
3152
3152
3152
3152
3152
3152
3153
3153
3153
3153
3153
3153
3153
3153
3153
3154
3154
3154
3154
3154
3154
3154
3154
3154
3176
3176
3176
3176
3176
3176
3176
3176
3176
3176
3177
3177
3177
3177
3177
3177
3177
3177
3177
3177
3178
3178
3178
3178
3178
3178
3178
3178
3178
3178
3179
3179
3179
3179
3179
3179
3179
3179
3180
3180
3180
3180
3180
3180
3180
3180
3180
3181
3181
3181
3181
3181
3181
3181
3181
3181
3182
3182
3182
3182
3182
3182
3182
3182
3182
3183
3183
3183
3183
3183
3183
3183
3183
3183
3184
3184
3184
3184
3184
3184
3184
3184
3184
3205
3205
3205
3205
3205
3205
3205
3205
3205
3205
3206
3206
3206
3206
3206
3206
3206
3206
3206
3206
3207
3207
3207
3207
3207
3207
3207
3207
3207
3207
3208
3208
3208
3208
3208
3208
3208
3208
3208
3209
3209
3209
3209
3209
3209
3209
3209
3209
3210
3210
3210
3210
3210
3210
3210
3210
3210
3211
3211
3211
3211
3211
3211
3211
3211
3211
3212
3212
3212
3212
3212
3212
3212
3212
3212
3213
3213
3213
3213
3213
3213
3213
3213
3213
3235
3235
3235
3235
3235
3235
3235
3235
3235
3235
3236
3236
3236
3236
3236
3236
3236
3236
3236
3236
3237
3237
3237
3237
3237
3237
3237
3237
3237
3237
3238
3238
3238
3238
3238
3238
3238
3238
3238
3239
3239
3239
3239
3239
3239
3239
3239
3239
3240
3240
3240
3240
3240
3240
3240
3240
3240
3241
3241
3241
3241
3241
3241
3241
3241
3241
3242
3242
3242
3242
3242
3242
3242
3242
3242
3243
3243
3243
3243
3243
3243
3243
3243
3243
3264
3264
3264
3264
3264
3264
3264
3264
3264
3264
3265
3265
3265
3265
3265
3265
3265
3265
3265
3265
3266
3266
3266
3266
3266
3266
3266
3266
3266
3266
3267
3267
3267
3267
3267
3267
3267
3267
3267
3268
3268
3268
3268
3268
3268
3268
3268
3268
3269
3269
3269
3269
3269
3269
3269
3269
3269
3270
3270
3270
3270
3270
3270
3270
3270
3270
3271
3271
3271
3271
3271
3271
3271
3271
3271
3272
3272
3272
3272
3272
3272
3272
3272
3272
3293
3293
3293
3293
3293
3293
3293
3293
3293
3293
3294
3294
3294
3294
3294
3294
3294
3294
3294
3294
3295
3295
3295
3295
3295
3295
3295
3295
3295
3295
3296
3296
3296
3296
3296
3296
3296
3296
3296
3296
3297
3297
3297
3297
3297
3297
3297
3297
3297
3298
3298
3298
3298
3298
3298
3298
3298
3298
3299
3299
3299
3299
3299
3299
3299
3299
3299
3300
3300
3300
3300
3300
3300
3300
3300
3300
3301
3301
3301
3301
3301
3301
3301
3301
3301
3323
3323
3323
3323
3323
3323
3323
3323
3323
3323
3324
3324
3324
3324
3324
3324
3324
3324
3324
3324
3325
3325
3325
3325
3325
3325
3325
3325
3325
3325
3326
3326
3326
3326
3326
3326
3326
3326
3327
3327
3327
3327
3327
3327
3327
3327
3327
3328
3328
3328
3328
3328
3328
3328
3328
3328
3329
3329
3329
3329
3329
3329
3329
3329
3329
3330
3330
3330
3330
3330
3330
3330
3330
3330
3331
3331
3331
3331
3331
3331
3331
3331
3331
3352
3352
3352
3352
3352
3352
3352
3352
3352
3352
3353
3353
3353
3353
3353
3353
3353
3353
3353
3353
3354
3354
3354
3354
3354
3354
3354
3354
3354
3354
3355
3355
3355
3355
3355
3355
3355
3355
3355
3356
3356
3356
3356
3356
3356
3356
3356
3356
3357
3357
3357
3357
3357
3357
3357
3357
3357
3358
3358
3358
3358
3358
3358
3358
3358
3358
3359
3359
3359
3359
3359
3359
3359
3359
3359
3360
3360
3360
3360
3360
3360
3360
3360
3360
3382
3382
3382
3382
3382
3382
3382
3382
3382
3382
3383
3383
3383
3383
3383
3383
3383
3383
3383
3383
3384
3384
3384
3384
3384
3384
3384
3384
3384
3384
3385
3385
3385
3385
3385
3385
3385
3385
3385
3386
3386
3386
3386
3386
3386
3386
3386
3386
3387
3387
3387
3387
3387
3387
3387
3387
3387
3388
3388
3388
3388
3388
3388
3388
3388
3388
3389
3389
3389
3389
3389
3389
3389
3389
3389
3390
3390
3390
3390
3390
3390
3390
3390
3390
3411
3411
3411
3411
3411
3411
3411
3411
3411
3411
3412
3412
3412
3412
3412
3412
3412
3412
3412
3412
3413
3413
3413
3413
3413
3413
3413
3413
3413
3413
3414
3414
3414
3414
3414
3414
3414
3414
3414
3415
3415
3415
3415
3415
3415
3415
3415
3415
3416
3416
3416
3416
3416
3416
3416
3416
3416
3417
3417
3417
3417
3417
3417
3417
3417
3417
3418
3418
3418
3418
3418
3418
3418
3418
3418
3419
3419
3419
3419
3419
3419
3419
3419
3419
3440
3440
3440
3440
3440
3440
3440
3440
3440
3440
3441
3441
3441
3441
3441
3441
3441
3441
3441
3441
3442
3442
3442
3442
3442
3442
3442
3442
3442
3442
3443
3443
3443
3443
3443
3443
3443
3443
3443
3443
3444
3444
3444
3444
3444
3444
3444
3444
3444
3445
3445
3445
3445
3445
3445
3445
3445
3445
3446
3446
3446
3446
3446
3446
3446
3446
3446
3447
3447
3447
3447
3447
3447
3447
3447
3447
3448
3448
3448
3448
3448
3448
3448
3448
3448
3470
3470
3470
3470
3470
3470
3470
3470
3470
3470
3471
3471
3471
3471
3471
3471
3471
3471
3471
3471
3472
3472
3472
3472
3472
3472
3472
3472
3472
3472
3473
3473
3473
3473
3473
3473
3473
3473
3474
3474
3474
3474
3474
3474
3474
3474
3474
3475
3475
3475
3475
3475
3475
3475
3475
3475
3476
3476
3476
3476
3476
3476
3476
3476
3476
3477
3477
3477
3477
3477
3477
3477
3477
3477
3478
3478
3478
3478
3478
3478
3478
3478
3478
3499
3499
3499
3499
3499
3499
3499
3499
3499
3499
3500
3500
3500
3500
3500
3500
3500
3500
3500
3500
3501
3501
3501
3501
3501
3501
3501
3501
3501
3501
3502
3502
3502
3502
3502
3502
3502
3502
3502
3503
3503
3503
3503
3503
3503
3503
3503
3503
3504
3504
3504
3504
3504
3504
3504
3504
3504
3505
3505
3505
3505
3505
3505
3505
3505
3505
3506
3506
3506
3506
3506
3506
3506
3506
3506
3507
3507
3507
3507
3507
3507
3507
3507
3507
3529
3529
3529
3529
3529
3529
3529
3529
3529
3529
3530
3530
3530
3530
3530
3530
3530
3530
3530
3530
3531
3531
3531
3531
3531
3531
3531
3531
3531
3531
3532
3532
3532
3532
3532
3532
3532
3532
3532
3533
3533
3533
3533
3533
3533
3533
3533
3533
3534
3534
3534
3534
3534
3534
3534
3534
3534
3535
3535
3535
3535
3535
3535
3535
3535
3535
3536
3536
3536
3536
3536
3536
3536
3536
3536
3537
3537
3537
3537
3537
3537
3537
3537
3537
3558
3558
3558
3558
3558
3558
3558
3558
3558
3558
3559
3559
3559
3559
3559
3559
3559
3559
3559
3559
3560
3560
3560
3560
3560
3560
3560
3560
3560
3560
3561
3561
3561
3561
3561
3561
3561
3561
3561
3562
3562
3562
3562
3562
3562
3562
3562
3562
3563
3563
3563
3563
3563
3563
3563
3563
3563
3564
3564
3564
3564
3564
3564
3564
3564
3564
3565
3565
3565
3565
3565
3565
3565
3565
3565
3566
3566
3566
3566
3566
3566
3566
3566
3566
3587
3587
3587
3587
3587
3587
3587
3587
3587
3587
3588
3588
3588
3588
3588
3588
3588
3588
3588
3588
3589
3589
3589
3589
3589
3589
3589
3589
3589
3589
3590
3590
3590
3590
3590
3590
3590
3590
3590
3590
3591
3591
3591
3591
3591
3591
3591
3591
3591
3592
3592
3592
3592
3592
3592
3592
3592
3592
3593
3593
3593
3593
3593
3593
3593
3593
3593
3594
3594
3594
3594
3594
3594
3594
3594
3594
3595
3595
3595
3595
3595
3595
3595
3595
3595
3617
3617
3617
3617
3617
3617
3617
3617
3617
3617
3618
3618
3618
3618
3618
3618
3618
3618
3618
3618
3619
3619
3619
3619
3619
3619
3619
3619
3619
3619
3620
3620
3620
3620
3620
3620
3620
3620
3621
3621
3621
3621
3621
3621
3621
3621
3621
3622
3622
3622
3622
3622
3622
3622
3622
3622
3623
3623
3623
3623
3623
3623
3623
3623
3623
3624
3624
3624
3624
3624
3624
3624
3624
3624
3625
3625
3625
3625
3625
3625
3625
3625
3625
3646
3646
3646
3646
3646
3646
3646
3646
3646
3646
3647
3647
3647
3647
3647
3647
3647
3647
3647
3647
3648
3648
3648
3648
3648
3648
3648
3648
3648
3648
3649
3649
3649
3649
3649
3649
3649
3649
3649
3650
3650
3650
3650
3650
3650
3650
3650
3650
3651
3651
3651
3651
3651
3651
3651
3651
3651
3652
3652
3652
3652
3652
3652
3652
3652
3652
3653
3653
3653
3653
3653
3653
3653
3653
3653
3654
3654
3654
3654
3654
3654
3654
3654
3654
3676
3676
3676
3676
3676
3676
3676
3676
3676
3676
3677
3677
3677
3677
3677
3677
3677
3677
3677
3677
3678
3678
3678
3678
3678
3678
3678
3678
3678
3678
3679
3679
3679
3679
3679
3679
3679
3679
3679
3680
3680
3680
3680
3680
3680
3680
3680
3680
3681
3681
3681
3681
3681
3681
3681
3681
3681
3682
3682
3682
3682
3682
3682
3682
3682
3682
3683
3683
3683
3683
3683
3683
3683
3683
3683
3684
3684
3684
3684
3684
3684
3684
3684
3684
3705
3705
3705
3705
3705
3705
3705
3705
3705
3705
3706
3706
3706
3706
3706
3706
3706
3706
3706
3706
3707
3707
3707
3707
3707
3707
3707
3707
3707
3707
3708
3708
3708
3708
3708
3708
3708
3708
3708
3709
3709
3709
3709
3709
3709
3709
3709
3709
3710
3710
3710
3710
3710
3710
3710
3710
3710
3711
3711
3711
3711
3711
3711
3711
3711
3711
3712
3712
3712
3712
3712
3712
3712
3712
3712
3713
3713
3713
3713
3713
3713
3713
3713
3713
3734
3734
3734
3734
3734
3734
3734
3734
3734
3734
3735
3735
3735
3735
3735
3735
3735
3735
3735
3735
3736
3736
3736
3736
3736
3736
3736
3736
3736
3736
3737
3737
3737
3737
3737
3737
3737
3737
3737
3737
3738
3738
3738
3738
3738
3738
3738
3738
3738
3739
3739
3739
3739
3739
3739
3739
3739
3739
3740
3740
3740
3740
3740
3740
3740
3740
3740
3741
3741
3741
3741
3741
3741
3741
3741
3741
3742
3742
3742
3742
3742
3742
3742
3742
3742
3764
3764
3764
3764
3764
3764
3764
3764
3764
3764
3765
3765
3765
3765
3765
3765
3765
3765
3765
3765
3766
3766
3766
3766
3766
3766
3766
3766
3766
3766
3767
3767
3767
3767
3767
3767
3767
3767
3768
3768
3768
3768
3768
3768
3768
3768
3768
3769
3769
3769
3769
3769
3769
3769
3769
3769
3770
3770
3770
3770
3770
3770
3770
3770
3770
3771
3771
3771
3771
3771
3771
3771
3771
3771
3772
3772
3772
3772
3772
3772
3772
3772
3772
3793
3793
3793
3793
3793
3793
3793
3793
3793
3793
3794
3794
3794
3794
3794
3794
3794
3794
3794
3794
3795
3795
3795
3795
3795
3795
3795
3795
3795
3795
3796
3796
3796
3796
3796
3796
3796
3796
3796
3797
3797
3797
3797
3797
3797
3797
3797
3797
3798
3798
3798
3798
3798
3798
3798
3798
3798
3799
3799
3799
3799
3799
3799
3799
3799
3799
3800
3800
3800
3800
3800
3800
3800
3800
3800
3801
3801
3801
3801
3801
3801
3801
3801
3801
3823
3823
3823
3823
3823
3823
3823
3823
3823
3823
3824
3824
3824
3824
3824
3824
3824
3824
3824
3824
3825
3825
3825
3825
3825
3825
3825
3825
3825
3825
3826
3826
3826
3826
3826
3826
3826
3826
3826
3827
3827
3827
3827
3827
3827
3827
3827
3827
3828
3828
3828
3828
3828
3828
3828
3828
3828
3829
3829
3829
3829
3829
3829
3829
3829
3829
3830
3830
3830
3830
3830
3830
3830
3830
3830
3831
3831
3831
3831
3831
3831
3831
3831
3831
3852
3852
3852
3852
3852
3852
3852
3852
3852
3852
3853
3853
3853
3853
3853
3853
3853
3853
3853
3853
3854
3854
3854
3854
3854
3854
3854
3854
3854
3854
3855
3855
3855
3855
3855
3855
3855
3855
3855
3856
3856
3856
3856
3856
3856
3856
3856
3856
3857
3857
3857
3857
3857
3857
3857
3857
3857
3858
3858
3858
3858
3858
3858
3858
3858
3858
3859
3859
3859
3859
3859
3859
3859
3859
3859
3860
3860
3860
3860
3860
3860
3860
3860
3860
3881
3881
3881
3881
3881
3881
3881
3881
3881
3881
3882
3882
3882
3882
3882
3882
3882
3882
3882
3882
3883
3883
3883
3883
3883
3883
3883
3883
3883
3883
3884
3884
3884
3884
3884
3884
3884
3884
3884
3884
3885
3885
3885
3885
3885
3885
3885
3885
3885
3886
3886
3886
3886
3886
3886
3886
3886
3886
3887
3887
3887
3887
3887
3887
3887
3887
3887
3888
3888
3888
3888
3888
3888
3888
3888
3888
3889
3889
3889
3889
3889
3889
3889
3889
3889
3911
3911
3911
3911
3911
3911
3911
3911
3911
3911
3912
3912
3912
3912
3912
3912
3912
3912
3912
3912
3913
3913
3913
3913
3913
3913
3913
3913
3913
3913
3914
3914
3914
3914
3914
3914
3914
3914
3915
3915
3915
3915
3915
3915
3915
3915
3915
3916
3916
3916
3916
3916
3916
3916
3916
3916
3917
3917
3917
3917
3917
3917
3917
3917
3917
3918
3918
3918
3918
3918
3918
3918
3918
3918
3919
3919
3919
3919
3919
3919
3919
3919
3919
3940
3940
3940
3940
3940
3940
3940
3940
3940
3940
3941
3941
3941
3941
3941
3941
3941
3941
3941
3941
3942
3942
3942
3942
3942
3942
3942
3942
3942
3942
3943
3943
3943
3943
3943
3943
3943
3943
3943
3944
3944
3944
3944
3944
3944
3944
3944
3944
3945
3945
3945
3945
3945
3945
3945
3945
3945
3946
3946
3946
3946
3946
3946
3946
3946
3946
3947
3947
3947
3947
3947
3947
3947
3947
3947
3948
3948
3948
3948
3948
3948
3948
3948
3948
3970
3970
3970
3970
3970
3970
3970
3970
3970
3970
3971
3971
3971
3971
3971
3971
3971
3971
3971
3971
3972
3972
3972
3972
3972
3972
3972
3972
3972
3972
3973
3973
3973
3973
3973
3973
3973
3973
3973
3974
3974
3974
3974
3974
3974
3974
3974
3974
3975
3975
3975
3975
3975
3975
3975
3975
3975
3976
3976
3976
3976
3976
3976
3976
3976
3976
3977
3977
3977
3977
3977
3977
3977
3977
3977
3978
3978
3978
3978
3978
3978
3978
3978
3978
3999
3999
3999
3999
3999
3999
3999
3999
3999
3999
4000
4000
4000
4000
4000
4000
4000
4000
4000
4000
4001
4001
4001
4001
4001
4001
4001
4001
4001
4001
4002
4002
4002
4002
4002
4002
4002
4002
4002
4003
4003
4003
4003
4003
4003
4003
4003
4003
4004
4004
4004
4004
4004
4004
4004
4004
4004
4005
4005
4005
4005
4005
4005
4005
4005
4005
4006
4006
4006
4006
4006
4006
4006
4006
4006
4007
4007
4007
4007
4007
4007
4007
4007
4007
4028
4028
4028
4028
4028
4028
4028
4028
4028
4028
4029
4029
4029
4029
4029
4029
4029
4029
4029
4029
4030
4030
4030
4030
4030
4030
4030
4030
4030
4030
4031
4031
4031
4031
4031
4031
4031
4031
4031
4031
4032
4032
4032
4032
4032
4032
4032
4032
4032
4033
4033
4033
4033
4033
4033
4033
4033
4033
4034
4034
4034
4034
4034
4034
4034
4034
4034
4035
4035
4035
4035
4035
4035
4035
4035
4035
4036
4036
4036
4036
4036
4036
4036
4036
4036
4058
4058
4058
4058
4058
4058
4058
4058
4058
4058
4059
4059
4059
4059
4059
4059
4059
4059
4059
4059
4060
4060
4060
4060
4060
4060
4060
4060
4060
4060
4061
4061
4061
4061
4061
4061
4061
4061
4062
4062
4062
4062
4062
4062
4062
4062
4062
4063
4063
4063
4063
4063
4063
4063
4063
4063
4064
4064
4064
4064
4064
4064
4064
4064
4064
4065
4065
4065
4065
4065
4065
4065
4065
4065
4066
4066
4066
4066
4066
4066
4066
4066
4066
4087
4087
4087
4087
4087
4087
4087
4087
4087
4087
4088
4088
4088
4088
4088
4088
4088
4088
4088
4088
4089
4089
4089
4089
4089
4089
4089
4089
4089
4089
4090
4090
4090
4090
4090
4090
4090
4090
4090
4091
4091
4091
4091
4091
4091
4091
4091
4091
4092
4092
4092
4092
4092
4092
4092
4092
4092
4093
4093
4093
4093
4093
4093
4093
4093
4093
4094
4094
4094
4094
4094
4094
4094
4094
4094
4095
4095
4095
4095
4095
4095
4095
4095
4095
4117
4117
4117
4117
4117
4117
4117
4117
4117
4117
4118
4118
4118
4118
4118
4118
4118
4118
4118
4118
4119
4119
4119
4119
4119
4119
4119
4119
4119
4119
4120
4120
4120
4120
4120
4120
4120
4120
4120
4121
4121
4121
4121
4121
4121
4121
4121
4121
4122
4122
4122
4122
4122
4122
4122
4122
4122
4123
4123
4123
4123
4123
4123
4123
4123
4123
4124
4124
4124
4124
4124
4124
4124
4124
4124
4125
4125
4125
4125
4125
4125
4125
4125
4125
4146
4146
4146
4146
4146
4146
4146
4146
4146
4146
4147
4147
4147
4147
4147
4147
4147
4147
4147
4147
4148
4148
4148
4148
4148
4148
4148
4148
4148
4148
4149
4149
4149
4149
4149
4149
4149
4149
4149
4150
4150
4150
4150
4150
4150
4150
4150
4150
4151
4151
4151
4151
4151
4151
4151
4151
4151
4152
4152
4152
4152
4152
4152
4152
4152
4152
4153
4153
4153
4153
4153
4153
4153
4153
4153
4154
4154
4154
4154
4154
4154
4154
4154
4154
4175
4175
4175
4175
4175
4175
4175
4175
4175
4175
4176
4176
4176
4176
4176
4176
4176
4176
4176
4176
4177
4177
4177
4177
4177
4177
4177
4177
4177
4177
4178
4178
4178
4178
4178
4178
4178
4178
4178
4178
4179
4179
4179
4179
4179
4179
4179
4179
4179
4180
4180
4180
4180
4180
4180
4180
4180
4180
4181
4181
4181
4181
4181
4181
4181
4181
4181
4182
4182
4182
4182
4182
4182
4182
4182
4182
4183
4183
4183
4183
4183
4183
4183
4183
4183
4205
4205
4205
4205
4205
4205
4205
4205
4205
4205
4206
4206
4206
4206
4206
4206
4206
4206
4206
4206
4207
4207
4207
4207
4207
4207
4207
4207
4207
4207
4208
4208
4208
4208
4208
4208
4208
4208
4209
4209
4209
4209
4209
4209
4209
4209
4209
4210
4210
4210
4210
4210
4210
4210
4210
4210
4211
4211
4211
4211
4211
4211
4211
4211
4211
4212
4212
4212
4212
4212
4212
4212
4212
4212
4213
4213
4213
4213
4213
4213
4213
4213
4213
4234
4234
4234
4234
4234
4234
4234
4234
4234
4234
4235
4235
4235
4235
4235
4235
4235
4235
4235
4235
4236
4236
4236
4236
4236
4236
4236
4236
4236
4236
4237
4237
4237
4237
4237
4237
4237
4237
4237
4238
4238
4238
4238
4238
4238
4238
4238
4238
4239
4239
4239
4239
4239
4239
4239
4239
4239
4240
4240
4240
4240
4240
4240
4240
4240
4240
4241
4241
4241
4241
4241
4241
4241
4241
4241
4242
4242
4242
4242
4242
4242
4242
4242
4242
4264
4264
4264
4264
4264
4264
4264
4264
4264
4264
4265
4265
4265
4265
4265
4265
4265
4265
4265
4265
4266
4266
4266
4266
4266
4266
4266
4266
4266
4266
4267
4267
4267
4267
4267
4267
4267
4267
4267
4268
4268
4268
4268
4268
4268
4268
4268
4268
4269
4269
4269
4269
4269
4269
4269
4269
4269
4270
4270
4270
4270
4270
4270
4270
4270
4270
4271
4271
4271
4271
4271
4271
4271
4271
4271
4272
4272
4272
4272
4272
4272
4272
4272
4272
4293
4293
4293
4293
4293
4293
4293
4293
4293
4293
4294
4294
4294
4294
4294
4294
4294
4294
4294
4294
4295
4295
4295
4295
4295
4295
4295
4295
4295
4295
4296
4296
4296
4296
4296
4296
4296
4296
4296
4297
4297
4297
4297
4297
4297
4297
4297
4297
4298
4298
4298
4298
4298
4298
4298
4298
4298
4299
4299
4299
4299
4299
4299
4299
4299
4299
4300
4300
4300
4300
4300
4300
4300
4300
4300
4301
4301
4301
4301
4301
4301
4301
4301
4301
4322
4322
4322
4322
4322
4322
4322
4322
4322
4322
4323
4323
4323
4323
4323
4323
4323
4323
4323
4323
4324
4324
4324
4324
4324
4324
4324
4324
4324
4324
4325
4325
4325
4325
4325
4325
4325
4325
4325
4325
4326
4326
4326
4326
4326
4326
4326
4326
4326
4327
4327
4327
4327
4327
4327
4327
4327
4327
4328
4328
4328
4328
4328
4328
4328
4328
4328
4329
4329
4329
4329
4329
4329
4329
4329
4329
4330
4330
4330
4330
4330
4330
4330
4330
4330
4352
4352
4352
4352
4352
4352
4352
4352
4352
4352
4353
4353
4353
4353
4353
4353
4353
4353
4353
4353
4354
4354
4354
4354
4354
4354
4354
4354
4354
4354
4355
4355
4355
4355
4355
4355
4355
4355
4356
4356
4356
4356
4356
4356
4356
4356
4356
4357
4357
4357
4357
4357
4357
4357
4357
4357
4358
4358
4358
4358
4358
4358
4358
4358
4358
4359
4359
4359
4359
4359
4359
4359
4359
4359
4360
4360
4360
4360
4360
4360
4360
4360
4360
4381
4381
4381
4381
4381
4381
4381
4381
4381
4381
4382
4382
4382
4382
4382
4382
4382
4382
4382
4382
4383
4383
4383
4383
4383
4383
4383
4383
4383
4383
4384
4384
4384
4384
4384
4384
4384
4384
4384
4385
4385
4385
4385
4385
4385
4385
4385
4385
4386
4386
4386
4386
4386
4386
4386
4386
4386
4387
4387
4387
4387
4387
4387
4387
4387
4387
4388
4388
4388
4388
4388
4388
4388
4388
4388
4389
4389
4389
4389
4389
4389
4389
4389
4389
4411
4411
4411
4411
4411
4411
4411
4411
4411
4411
4412
4412
4412
4412
4412
4412
4412
4412
4412
4412
4413
4413
4413
4413
4413
4413
4413
4413
4413
4413
4414
4414
4414
4414
4414
4414
4414
4414
4414
4415
4415
4415
4415
4415
4415
4415
4415
4415
4416
4416
4416
4416
4416
4416
4416
4416
4416
4417
4417
4417
4417
4417
4417
4417
4417
4417
4418
4418
4418
4418
4418
4418
4418
4418
4418
4419
4419
4419
4419
4419
4419
4419
4419
4419
4440
4440
4440
4440
4440
4440
4440
4440
4440
4440
4441
4441
4441
4441
4441
4441
4441
4441
4441
4441
4442
4442
4442
4442
4442
4442
4442
4442
4442
4442
4443
4443
4443
4443
4443
4443
4443
4443
4443
4444
4444
4444
4444
4444
4444
4444
4444
4444
4445
4445
4445
4445
4445
4445
4445
4445
4445
4446
4446
4446
4446
4446
4446
4446
4446
4446
4447
4447
4447
4447
4447
4447
4447
4447
4447
4448
4448
4448
4448
4448
4448
4448
4448
4448
4469
4469
4469
4469
4469
4469
4469
4469
4469
4469
4470
4470
4470
4470
4470
4470
4470
4470
4470
4470
4471
4471
4471
4471
4471
4471
4471
4471
4471
4471
4472
4472
4472
4472
4472
4472
4472
4472
4472
4472
4473
4473
4473
4473
4473
4473
4473
4473
4473
4474
4474
4474
4474
4474
4474
4474
4474
4474
4475
4475
4475
4475
4475
4475
4475
4475
4475
4476
4476
4476
4476
4476
4476
4476
4476
4476
4477
4477
4477
4477
4477
4477
4477
4477
4477
4499
4499
4499
4499
4499
4499
4499
4499
4499
4499
4500
4500
4500
4500
4500
4500
4500
4500
4500
4500
4501
4501
4501
4501
4501
4501
4501
4501
4501
4501
4502
4502
4502
4502
4502
4502
4502
4502
4503
4503
4503
4503
4503
4503
4503
4503
4503
4504
4504
4504
4504
4504
4504
4504
4504
4504
4505
4505
4505
4505
4505
4505
4505
4505
4505
4506
4506
4506
4506
4506
4506
4506
4506
4506
4507
4507
4507
4507
4507
4507
4507
4507
4507
4528
4528
4528
4528
4528
4528
4528
4528
4528
4528
4529
4529
4529
4529
4529
4529
4529
4529
4529
4529
4530
4530
4530
4530
4530
4530
4530
4530
4530
4530
4531
4531
4531
4531
4531
4531
4531
4531
4531
4532
4532
4532
4532
4532
4532
4532
4532
4532
4533
4533
4533
4533
4533
4533
4533
4533
4533
4534
4534
4534
4534
4534
4534
4534
4534
4534
4535
4535
4535
4535
4535
4535
4535
4535
4535
4536
4536
4536
4536
4536
4536
4536
4536
4536
4558
4558
4558
4558
4558
4558
4558
4558
4558
4558
4559
4559
4559
4559
4559
4559
4559
4559
4559
4559
4560
4560
4560
4560
4560
4560
4560
4560
4560
4560
4561
4561
4561
4561
4561
4561
4561
4561
4561
4562
4562
4562
4562
4562
4562
4562
4562
4562
4563
4563
4563
4563
4563
4563
4563
4563
4563
4564
4564
4564
4564
4564
4564
4564
4564
4564
4565
4565
4565
4565
4565
4565
4565
4565
4565
4566
4566
4566
4566
4566
4566
4566
4566
4566
4581
4581
4581
4581
4581
4581
4581
4581
4581
4586
4586
4586
4586
4586
4586
4586
4586
4586
4586
4587
4587
4587
4587
4587
4587
4587
4587
4587
4592
4592
4592
4592
4592
4592
4592
4592
4592
4592
4593
4593
4593
4593
4593
4593
4593
4593
4593
4598
4598
4598
4598
4598
4598
4598
4598
4598
4598
4599
4599
4599
4599
4599
4599
4599
4599
4599
4604
4604
4604
4604
4604
4604
4604
4604
4604
4604
4605
4605
4605
4605
4605
4605
4605
4605
4605
4610
4610
4610
4610
4610
4610
4610
4610
4610
4610
4611
4611
4611
4611
4611
4611
4611
4611
4611
4616
4616
4616
4616
4616
4616
4616
4616
4616
4617
4617
4617
4617
4617
4617
4617
4617
4617
4622
4622
4622
4622
4622
4622
4622
4622
4622
4623
4623
4623
4623
4623
4623
4623
4623
4623
4628
4628
4628
4628
4628
4628
4628
4628
4628
4633
4633
4633
4633
4633
4633
4633
4633
4633
4633
4634
4634
4634
4634
4634
4634
4634
4634
4634
4639
4639
4639
4639
4639
4639
4639
4639
4639
4639
4640
4640
4640
4640
4640
4640
4640
4640
4640
4645
4645
4645
4645
4645
4645
4645
4645
4645
4645
4646
4646
4646
4646
4646
4646
4646
4646
4646
4651
4651
4651
4651
4651
4651
4651
4651
4651
4651
4652
4652
4652
4652
4652
4652
4652
4652
4652
4657
4657
4657
4657
4657
4657
4657
4657
4657
4657
4658
4658
4658
4658
4658
4658
4658
4658
4658
4663
4663
4663
4663
4663
4663
4663
4663
4663
4663
4664
4664
4664
4664
4664
4664
4664
4664
4664
4669
4669
4669
4669
4669
4669
4669
4669
4670
4670
4670
4670
4670
4670
4670
4670
4670
4675
4675
4675
4675
4675
4675
4675
4675
4675
4681
4681
4681
4681
4681
4681
4681
4681
4681
4686
4686
4686
4686
4686
4686
4686
4686
4686
4686
4687
4687
4687
4687
4687
4687
4687
4687
4687
4692
4692
4692
4692
4692
4692
4692
4692
4692
4692
4693
4693
4693
4693
4693
4693
4693
4693
4693
4698
4698
4698
4698
4698
4698
4698
4698
4698
4698
4699
4699
4699
4699
4699
4699
4699
4699
4699
4704
4704
4704
4704
4704
4704
4704
4704
4704
4704
4705
4705
4705
4705
4705
4705
4705
4705
4705
4710
4710
4710
4710
4710
4710
4710
4710
4710
4710
4711
4711
4711
4711
4711
4711
4711
4711
4711
4716
4716
4716
4716
4716
4716
4716
4716
4716
4717
4717
4717
4717
4717
4717
4717
4717
4717
4722
4722
4722
4722
4722
4722
4722
4722
4722
4728
4728
4728
4728
4728
4728
4728
4728
4728
4733
4733
4733
4733
4733
4733
4733
4733
4733
4733
4734
4734
4734
4734
4734
4734
4734
4734
4734
4739
4739
4739
4739
4739
4739
4739
4739
4739
4739
4740
4740
4740
4740
4740
4740
4740
4740
4740
4745
4745
4745
4745
4745
4745
4745
4745
4745
4745
4746
4746
4746
4746
4746
4746
4746
4746
4746
4751
4751
4751
4751
4751
4751
4751
4751
4751
4751
4752
4752
4752
4752
4752
4752
4752
4752
4752
4757
4757
4757
4757
4757
4757
4757
4757
4757
4757
4758
4758
4758
4758
4758
4758
4758
4758
4758
4763
4763
4763
4763
4763
4763
4763
4763
4763
4764
4764
4764
4764
4764
4764
4764
4764
4764
4769
4769
4769
4769
4769
4769
4769
4769
4769
4770
4770
4770
4770
4770
4770
4770
4770
4770
4775
4775
4775
4775
4775
4775
4775
4775
4775
4780
4780
4780
4780
4780
4780
4780
4780
4780
4780
4781
4781
4781
4781
4781
4781
4781
4781
4781
4786
4786
4786
4786
4786
4786
4786
4786
4786
4786
4787
4787
4787
4787
4787
4787
4787
4787
4787
4792
4792
4792
4792
4792
4792
4792
4792
4792
4792
4793
4793
4793
4793
4793
4793
4793
4793
4793
4798
4798
4798
4798
4798
4798
4798
4798
4798
4798
4799
4799
4799
4799
4799
4799
4799
4799
4799
4804
4804
4804
4804
4804
4804
4804
4804
4804
4804
4805
4805
4805
4805
4805
4805
4805
4805
4805
4810
4810
4810
4810
4810
4810
4810
4810
4810
4810
4811
4811
4811
4811
4811
4811
4811
4811
4811
4816
4816
4816
4816
4816
4816
4816
4816
4817
4817
4817
4817
4817
4817
4817
4817
4817
4822
4822
4822
4822
4822
4822
4822
4822
4822
4828
4828
4828
4828
4828
4828
4828
4828
4828
4833
4833
4833
4833
4833
4833
4833
4833
4833
4833
4834
4834
4834
4834
4834
4834
4834
4834
4834
4839
4839
4839
4839
4839
4839
4839
4839
4839
4839
4840
4840
4840
4840
4840
4840
4840
4840
4840
4845
4845
4845
4845
4845
4845
4845
4845
4845
4845
4846
4846
4846
4846
4846
4846
4846
4846
4846
4851
4851
4851
4851
4851
4851
4851
4851
4851
4851
4852
4852
4852
4852
4852
4852
4852
4852
4852
4857
4857
4857
4857
4857
4857
4857
4857
4857
4857
4858
4858
4858
4858
4858
4858
4858
4858
4858
4863
4863
4863
4863
4863
4863
4863
4863
4863
4864
4864
4864
4864
4864
4864
4864
4864
4864
4869
4869
4869
4869
4869
4869
4869
4869
4869
4875
4875
4875
4875
4875
4875
4875
4875
4875
4880
4880
4880
4880
4880
4880
4880
4880
4880
4880
4881
4881
4881
4881
4881
4881
4881
4881
4881
4886
4886
4886
4886
4886
4886
4886
4886
4886
4886
4887
4887
4887
4887
4887
4887
4887
4887
4887
4892
4892
4892
4892
4892
4892
4892
4892
4892
4892
4893
4893
4893
4893
4893
4893
4893
4893
4893
4898
4898
4898
4898
4898
4898
4898
4898
4898
4898
4899
4899
4899
4899
4899
4899
4899
4899
4899
4904
4904
4904
4904
4904
4904
4904
4904
4904
4904
4905
4905
4905
4905
4905
4905
4905
4905
4905
4910
4910
4910
4910
4910
4910
4910
4910
4910
4911
4911
4911
4911
4911
4911
4911
4911
4911
4916
4916
4916
4916
4916
4916
4916
4916
4916
4917
4917
4917
4917
4917
4917
4917
4917
4917
4922
4922
4922
4922
4922
4922
4922
4922
4922
4927
4927
4927
4927
4927
4927
4927
4927
4927
4927
4928
4928
4928
4928
4928
4928
4928
4928
4928
4933
4933
4933
4933
4933
4933
4933
4933
4933
4933
4934
4934
4934
4934
4934
4934
4934
4934
4934
4939
4939
4939
4939
4939
4939
4939
4939
4939
4939
4940
4940
4940
4940
4940
4940
4940
4940
4940
4945
4945
4945
4945
4945
4945
4945
4945
4945
4945
4946
4946
4946
4946
4946
4946
4946
4946
4946
4951
4951
4951
4951
4951
4951
4951
4951
4951
4951
4952
4952
4952
4952
4952
4952
4952
4952
4952
4957
4957
4957
4957
4957
4957
4957
4957
4957
4957
4958
4958
4958
4958
4958
4958
4958
4958
4958
4963
4963
4963
4963
4963
4963
4963
4963
4964
4964
4964
4964
4964
4964
4964
4964
4964
4969
4969
4969
4969
4969
4969
4969
4969
4969
4975
4975
4975
4975
4975
4975
4975
4975
4975
4980
4980
4980
4980
4980
4980
4980
4980
4980
4980
4981
4981
4981
4981
4981
4981
4981
4981
4981
4986
4986
4986
4986
4986
4986
4986
4986
4986
4986