1
5
8
14
17
23
26
29
32
38
42
48
51
54
57
63
66
72
75
78
81
84
87
90
96
99
105
108
111
114
120
123
129
132
137
140
146
149
155
158
164
167
170
176
182
185
191
194
197
200
206
209
215
218
221
224
230
233
239
242
248
251
254
257
263
266
272
275
278
281
287
290
296
299
302
305
311
314
320
323
329
332
335
338
345
348
354
360
363
366
372
375
381
384
387
390
396
399
405
408
414
417
420
423
429
432
438
441
444
447
453
456
462
465
468
471
477
480
486
489
495
498
501
504
510
513
519
522
525
528
534
537
543
546
549
553
559
562
568
571
577
580
583
586
592
605
611
614
617
620
626
629
635
638
641
644