3
7
10
16
19
25
28
31
34
40
44
50
53
56
59
65
68
74
77
80
83
86
89
92
98
101
107
110
113
116
122
125
131
136
139
142
148
151
157
160
166
169
172
178
184
187
193
196
199
202
208
211
217
220
223
226
232
235
241
244
250
253
256
259
265
268
274
277
280
283
289
292
298
301
304
307
313
316
322
325
331
334
337
340
347
350
359
362
365
368
374
377
383
386
389
392
398
401
407
410
416
419
422
425
431
434
440
443
446
449
455
458
464
467
470
473
479
482
488
491
497
500
503
506
512
515
521
524
527
530
536
539
545
548
552
555
561
564
570
573
579
582
585
588
594
607
613
616
619
622
628
631
637
640
643
646