2
6
9
15
18
24
27
30
33
39
43
49
52
55
58
64
67
73
76
79
82
85
88
91
97
100
106
109
112
115
121
124
130
135
138
141
147
150
156
159
165
168
171
177
183
186
192
195
198
201
207
210
216
219
222
225
231
234
240
243
249
252
255
258
264
267
273
276
279
282
288
291
297
300
303
306
312
315
321
324
330
333
336
339
346
349
358
361
364
367
373
376
382
385
388
391
397
400
406
409
415
418
421
424
430
433
439
442
445
448
454
457
463
466
469
472
478
481
487
490
496
499
502
505
511
514
520
523
526
529
535
538
544
547
550
554
560
563
569
572
578
581
584
587
593
606
612
615
618
621
627
630
636
639
642
645